;avg_cost;Steps;Wall_Time
0;9.729129791259766;0;1647954867.1072927
1;6.631507396697998;512000;1647954878.0848966
2;5.379368305206299;1024000;1647954885.8559055
3;5.21854829788208;1536000;1647954894.1940339
4;5.018781661987305;2048000;1647954902.685504
5;5.0812764167785645;2560000;1647954912.7956765
6;5.017895698547363;3072000;1647954922.87562
7;5.112463474273682;3584000;1647954932.8879519
8;5.247980117797852;4096000;1647954943.106946
9;4.931178092956543;4608000;1647954953.2290308
10;4.850344657897949;5120000;1647954963.5351336
11;4.800885200500488;5632000;1647954973.7127993
12;4.797792911529541;6144000;1647954983.7560742
13;4.760869026184082;6656000;1647954993.79034
14;4.83837890625;7168000;1647955003.8678157
15;4.7242536544799805;7680000;1647955013.8978326
16;4.6434478759765625;8192000;1647955024.1194243
17;4.706974029541016;8704000;1647955034.171215
18;4.583641529083252;9216000;1647955044.2196217
19;4.691783905029297;9728000;1647955054.2723203
20;4.635264873504639;10240000;1647955064.3230903
21;4.556798934936523;10752000;1647955074.3823304
22;4.7131781578063965;11264000;1647955084.4229817
23;4.613420486450195;11776000;1647955094.454401
24;4.781522750854492;12288000;1647955104.657648
25;4.835996627807617;12800000;1647955114.7242188
26;4.593607425689697;13312000;1647955124.7764306
27;4.600366592407227;13824000;1647955134.8419244
28;4.571328163146973;14336000;1647955144.8960145
29;4.492779731750488;14848000;1647955154.9500673
30;4.563948631286621;15360000;1647955165.1756585
31;4.576589584350586;15872000;1647955175.2119453
32;4.5676398277282715;16384000;1647955185.584202
33;4.521548271179199;16896000;1647955195.6263525
34;4.650907039642334;17408000;1647955205.8147404
35;4.571388244628906;17920000;1647955215.8688676
36;4.554272651672363;18432000;1647955225.927261
37;4.49515962600708;18944000;1647955235.9563742
38;4.564305305480957;19456000;1647955246.0264914
39;4.570281028747559;19968000;1647955256.0920615
40;4.511287689208984;20480000;1647955266.1551802
41;4.459144592285156;20992000;1647955276.2323306
42;4.417376518249512;21504000;1647955286.4693882
43;4.394647598266602;22016000;1647955296.5355964
44;4.703938961029053;22528000;1647955306.93803
45;4.403032302856445;23040000;1647955317.3408725
46;4.341669082641602;23552000;1647955327.3983836
47;4.469653129577637;24064000;1647955337.459921
48;4.402641296386719;24576000;1647955347.5092337
49;4.415984153747559;25088000;1647955356.9508398
50;4.561982154846191;25600000;1647955374.0777307
51;4.452786445617676;26112000;1647955382.5592508
52;4.3646063804626465;26624000;1647955392.6204283
53;4.400543212890625;27136000;1647955401.571149
54;4.384671688079834;27648000;1647955411.521006
55;4.29585599899292;28160000;1647955421.9219902
56;4.358787536621094;28672000;1647955431.9435978
57;4.3439226150512695;29184000;1647955441.916956
58;4.341109275817871;29696000;1647955451.9703813
59;4.32392692565918;30208000;1647955461.9922373
60;4.324459075927734;30720000;1647955471.9996216
61;4.336320877075195;31232000;1647955482.0059037
62;4.268690586090088;31744000;1647955492.04151
63;4.341128826141357;32256000;1647955502.2233624
64;4.232236385345459;32768000;1647955512.3919582
65;4.341935634613037;33280000;1647955522.773385
66;4.363312721252441;33792000;1647955532.8683279
67;4.311108112335205;34304000;1647955543.0644517
68;4.294321060180664;34816000;1647955553.311885
69;4.284196853637695;35328000;1647955563.5708065
70;4.357499599456787;35840000;1647955573.764385
71;4.310427665710449;36352000;1647955584.143361
72;4.304313659667969;36864000;1647955594.220404
73;4.337210178375244;37376000;1647955604.2880735
74;4.348897457122803;37888000;1647955614.3527207
75;4.382962226867676;38400000;1647955624.4137611
76;4.347800254821777;38912000;1647955634.4838169
77;4.304206371307373;39424000;1647955644.5494838
78;4.253403663635254;39936000;1647955654.6074214
79;4.328019142150879;40448000;1647955664.6702971
80;4.293951988220215;40960000;1647955674.8850572
81;4.259812355041504;41472000;1647955685.080951
82;4.29178524017334;41984000;1647955695.3325334
83;4.310246467590332;42496000;1647955705.3969254
84;4.26370906829834;43008000;1647955715.4554703
85;4.351541996002197;43520000;1647955725.4927297
86;4.315159797668457;44032000;1647955735.5327644
87;4.291706562042236;44544000;1647955745.598149
88;4.294905185699463;45056000;1647955755.6682994
89;4.43104362487793;45568000;1647955765.7308412
90;4.364035606384277;46080000;1647955775.796892
91;4.329158306121826;46592000;1647955785.8706594
92;4.296276092529297;47104000;1647955795.9466856
93;4.240914821624756;47616000;1647955806.0223951
94;4.3300604820251465;48128000;1647955816.1000285
95;4.2582855224609375;48640000;1647955826.1729586
96;4.295881748199463;49152000;1647955836.2371478
97;4.322397232055664;49664000;1647955846.3023899
98;4.339789390563965;50176000;1647955856.5237348
99;4.285079002380371;50688000;1647955865.2698057
100;4.308287143707275;51200000;1647955882.594139
101;4.30935001373291;51712000;1647955891.6966157
102;4.3141188621521;52224000;1647955900.7811024
103;4.244194030761719;52736000;1647955909.8865108
104;4.280595779418945;53248000;1647955919.9271204
105;4.531808853149414;53760000;1647955929.9595358
106;4.333259582519531;54272000;1647955940.036803
107;4.369681358337402;54784000;1647955950.1018407
108;4.259550094604492;55296000;1647955960.1800673
109;4.273411750793457;55808000;1647955970.2499385
110;4.231558799743652;56320000;1647955980.3100271
111;4.218472957611084;56832000;1647955990.3817182
112;4.310037612915039;57344000;1647956000.4454017
113;4.287969589233398;57856000;1647956010.5178297
114;4.251278877258301;58368000;1647956020.5830836
115;4.225790977478027;58880000;1647956030.6469004
116;4.290897369384766;59392000;1647956040.6978393
117;4.316829204559326;59904000;1647956050.7501938
118;4.306221008300781;60416000;1647956060.817953
119;4.310442924499512;60928000;1647956070.868873
120;4.251344680786133;61440000;1647956080.921396
121;4.199928283691406;61952000;1647956090.9606996
122;4.345048904418945;62464000;1647956101.0239913
123;4.316405296325684;62976000;1647956111.082924
124;4.24891996383667;63488000;1647956121.127688
125;4.3312578201293945;64000000;1647956131.1871765
126;4.266967296600342;64512000;1647956141.2601519
127;4.354476451873779;65024000;1647956151.3264802
128;4.250967979431152;65536000;1647956161.3876333
129;4.340285301208496;66048000;1647956171.4398453
130;4.266971111297607;66560000;1647956181.492673
131;4.322678565979004;67072000;1647956191.5663218
132;4.237149238586426;67584000;1647956201.6287255
133;4.528783321380615;68096000;1647956211.678442
134;4.436663627624512;68608000;1647956221.732776
135;4.277074813842773;69120000;1647956231.800595
136;4.340850353240967;69632000;1647956241.8271346
137;4.3712897300720215;70144000;1647956251.841604
138;4.287294864654541;70656000;1647956261.8675504
139;4.3065385818481445;71168000;1647956271.9170263
140;4.326404094696045;71680000;1647956281.9615078
141;4.259500503540039;72192000;1647956292.003291
142;4.27785587310791;72704000;1647956302.0603106
143;4.314907550811768;73216000;1647956312.1164763
144;4.263120174407959;73728000;1647956322.1633108
145;4.28596305847168;74240000;1647956332.2079341
146;4.255373954772949;74752000;1647956342.2434652
147;4.357198715209961;75264000;1647956352.2849684
148;4.248488903045654;75776000;1647956362.316601
149;4.278302192687988;76288000;1647956370.7034807
150;4.278188228607178;76800000;1647956388.0088973
151;4.318830966949463;77312000;1647956397.1098306
152;4.246182441711426;77824000;1647956405.922585
153;4.260312080383301;78336000;1647956415.4308975
154;4.291724681854248;78848000;1647956425.5022395
155;4.300689697265625;79360000;1647956435.5626304
156;4.272984504699707;79872000;1647956445.636941
157;4.245806694030762;80384000;1647956455.6925516
158;4.251352787017822;80896000;1647956465.7073286
159;4.183587074279785;81408000;1647956475.7555938
160;4.3195343017578125;81920000;1647956485.7975023
161;4.242483139038086;82432000;1647956495.838955
162;4.296586990356445;82944000;1647956505.8927155
163;4.221047878265381;83456000;1647956515.951356
164;4.265937805175781;83968000;1647956526.0173671
165;4.250372409820557;84480000;1647956536.0806055
166;4.2248334884643555;84992000;1647956546.1423438
167;4.364455699920654;85504000;1647956556.1963882
168;4.289770126342773;86016000;1647956566.245273
169;4.35106897354126;86528000;1647956576.3199332
170;4.3487677574157715;87040000;1647956586.3794832
171;4.298655986785889;87552000;1647956596.4393632
172;4.257047653198242;88064000;1647956606.4930658
173;4.266424179077148;88576000;1647956616.538735
174;4.239204406738281;89088000;1647956626.5919213
175;4.291761875152588;89600000;1647956636.6556542
176;4.198838233947754;90112000;1647956646.7060723
177;4.315395355224609;90624000;1647956656.707967
178;4.244137287139893;91136000;1647956666.7216177
179;4.337532043457031;91648000;1647956676.6510882
180;4.268256187438965;92160000;1647956686.7633588
181;4.1862287521362305;92672000;1647956696.8624055
182;4.231083869934082;93184000;1647956706.7746868
183;4.277779579162598;93696000;1647956716.9367342
184;4.229834079742432;94208000;1647956726.913375
185;4.27146053314209;94720000;1647956737.115152
186;4.217060565948486;95232000;1647956747.1844964
187;4.207174777984619;95744000;1647956757.3666453
188;4.213716506958008;96256000;1647956767.364815
189;4.241106986999512;96768000;1647956777.4008684
190;4.2674102783203125;97280000;1647956787.4394486
191;4.205632209777832;97792000;1647956797.5031137
192;4.257421016693115;98304000;1647956807.5616095
193;4.229067802429199;98816000;1647956817.6140466
194;4.223021507263184;99328000;1647956827.6661766
195;4.256904125213623;99840000;1647956837.722172
196;4.1676459312438965;100352000;1647956847.7853723
197;4.298948764801025;100864000;1647956857.8492577
198;4.273979663848877;101376000;1647956867.6199024
199;4.359264373779297;101888000;1647956876.422004
200;4.4021453857421875;102400000;1647956893.6624348
201;4.2479567527771;102912000;1647956902.8328543
202;4.422459125518799;103424000;1647956911.2518308
203;4.217057704925537;103936000;1647956921.2921169
204;4.241199493408203;104448000;1647956931.348233
205;4.300495147705078;104960000;1647956941.415601
206;4.344660758972168;105472000;1647956951.4753902
207;4.355746269226074;105984000;1647956961.5284014
208;4.293116569519043;106496000;1647956971.5838466
209;4.229629993438721;107008000;1647956981.6553361
210;4.268032073974609;107520000;1647956991.7164114
211;4.2196550369262695;108032000;1647957001.7817159
212;4.168816566467285;108544000;1647957011.8318782
213;4.226589679718018;109056000;1647957021.8821778
214;4.253274917602539;109568000;1647957031.9480765
215;4.322330474853516;110080000;1647957042.001309
216;4.340536594390869;110592000;1647957052.0684426
217;4.224270820617676;111104000;1647957062.1341548
218;4.264117240905762;111616000;1647957072.2056184
219;4.213212013244629;112128000;1647957082.2603822
220;4.301724433898926;112640000;1647957092.3140142
221;4.260745048522949;113152000;1647957102.367715
222;4.2395806312561035;113664000;1647957112.4344625
223;4.239654541015625;114176000;1647957122.5044198
224;4.199496746063232;114688000;1647957132.5681605
225;4.229290008544922;115200000;1647957142.628152
226;4.285407066345215;115712000;1647957152.6923127
227;4.227200984954834;116224000;1647957162.7573073
228;4.2163238525390625;116736000;1647957172.8143368
229;4.21940279006958;117248000;1647957182.8701453
230;4.209991931915283;117760000;1647957192.933755
231;4.1691575050354;118272000;1647957203.0056798
232;4.2396240234375;118784000;1647957213.070473
233;4.273658275604248;119296000;1647957223.1312213
234;4.35837459564209;119808000;1647957233.179045
235;4.558675765991211;120320000;1647957243.226967
236;4.339869499206543;120832000;1647957253.2861934
237;4.268476486206055;121344000;1647957263.3508117
238;4.231300354003906;121856000;1647957273.4217122
239;4.228423118591309;122368000;1647957283.4960825
240;4.192257881164551;122880000;1647957293.5254369
241;4.170766830444336;123392000;1647957303.4802947
242;4.204554557800293;123904000;1647957313.487023
243;4.212912559509277;124416000;1647957323.508351
244;4.232466220855713;124928000;1647957333.5799994
245;4.196070671081543;125440000;1647957343.6434383
246;4.298333168029785;125952000;1647957353.709271
247;4.24601411819458;126464000;1647957363.7757142
248;4.20733642578125;126976000;1647957373.2309976
249;4.292152404785156;127488000;1647957382.0319316
250;4.255772590637207;128000000;1647957399.7214358
251;4.237979888916016;128512000;1647957408.7180383
252;4.219309329986572;129024000;1647957417.4606874
253;4.264064788818359;129536000;1647957427.53732
254;4.32741641998291;130048000;1647957437.5930638
255;4.2061052322387695;130560000;1647957447.6522396
256;4.200615406036377;131072000;1647957457.7072415
257;4.222825050354004;131584000;1647957467.7789037
258;4.2097296714782715;132096000;1647957477.8283858
259;4.2964043617248535;132608000;1647957487.882337
260;4.225933074951172;133120000;1647957497.9436707
261;4.343691825866699;133632000;1647957507.989925
262;4.330601692199707;134144000;1647957518.0451763
263;4.29159688949585;134656000;1647957528.1004539
264;4.242566108703613;135168000;1647957538.1736634
265;4.282266139984131;135680000;1647957548.2366545
266;4.335010528564453;136192000;1647957558.2944753
267;4.339502811431885;136704000;1647957568.3583388
268;4.212183475494385;137216000;1647957578.4266374
269;4.189501762390137;137728000;1647957588.476151
270;4.264545917510986;138240000;1647957598.5407526
271;4.316009521484375;138752000;1647957608.60555
272;4.2447404861450195;139264000;1647957618.65037
273;4.287128448486328;139776000;1647957628.7099133
274;4.339251518249512;140288000;1647957638.7726743
275;4.296267509460449;140800000;1647957648.7949314
276;4.421725273132324;141312000;1647957658.8556302
277;4.425165176391602;141824000;1647957668.8201718
278;4.321513652801514;142336000;1647957678.7984548
279;4.263206958770752;142848000;1647957688.8263233
280;4.255382537841797;143360000;1647957699.0510383
281;4.287096977233887;143872000;1647957709.108546
282;4.265290260314941;144384000;1647957719.1693845
283;4.265052318572998;144896000;1647957729.22089
284;4.230956077575684;145408000;1647957739.4530468
285;4.3271660804748535;145920000;1647957749.5014212
286;4.194953441619873;146432000;1647957759.5609736
287;4.260178565979004;146944000;1647957769.6281002
288;4.217861652374268;147456000;1647957779.6569614
289;4.337352752685547;147968000;1647957789.6678457
290;4.16972017288208;148480000;1647957799.67834
291;4.27105712890625;148992000;1647957809.6980848
292;4.291411399841309;149504000;1647957819.6784356
293;4.339221000671387;150016000;1647957829.7411768
294;4.219997406005859;150528000;1647957839.7901235
295;4.232972621917725;151040000;1647957849.821097
296;4.30803108215332;151552000;1647957859.8372612
297;4.234165668487549;152064000;1647957869.7822795
298;4.159113883972168;152576000;1647957878.8648374
299;4.187551498413086;153088000;1647957888.350824
300;4.235865592956543;153600000;1647957905.043793
301;4.233078479766846;154112000;1647957913.6693747
302;4.262552261352539;154624000;1647957923.0174077
303;4.319916725158691;155136000;1647957933.1576366
304;4.256484031677246;155648000;1647957943.3989842
305;4.375783920288086;156160000;1647957953.5754316
306;4.24989128112793;156672000;1647957963.5822752
307;4.2532172203063965;157184000;1647957973.5609188
308;4.2834553718566895;157696000;1647957983.617342
309;4.212013244628906;158208000;1647957993.6461675
310;4.339677333831787;158720000;1647958003.7096188
311;4.286383628845215;159232000;1647958013.76889
312;4.226944923400879;159744000;1647958023.8242757
313;4.232645034790039;160256000;1647958033.8871388
314;4.20992374420166;160768000;1647958043.9612322
315;4.176025390625;161280000;1647958054.016806
316;4.217899322509766;161792000;1647958064.0981266
317;4.278228759765625;162304000;1647958074.1668336
318;4.229775905609131;162816000;1647958084.2333593
319;4.227890968322754;163328000;1647958094.3234222
320;4.283795356750488;163840000;1647958104.5465295
321;4.203243255615234;164352000;1647958114.6221669
322;4.2405900955200195;164864000;1647958124.8200376
323;4.256189346313477;165376000;1647958135.3403482
324;4.246160984039307;165888000;1647958145.5301182
325;4.320857048034668;166400000;1647958155.5581253
326;4.197512149810791;166912000;1647958165.7779455
327;4.230567455291748;167424000;1647958175.8358376
328;4.212438106536865;167936000;1647958185.8327394
329;4.268797874450684;168448000;1647958196.0001028
330;4.16416072845459;168960000;1647958206.0384502
331;4.197291851043701;169472000;1647958216.0732205
332;4.268309116363525;169984000;1647958226.1095903
333;4.202264308929443;170496000;1647958236.1288483
334;4.253962516784668;171008000;1647958246.1801598
335;4.189428329467773;171520000;1647958256.2173135
336;4.171952724456787;172032000;1647958266.2448688
337;4.200079917907715;172544000;1647958276.2751386
338;4.238439559936523;173056000;1647958286.2924197
339;4.182862281799316;173568000;1647958296.3536596
340;4.357895851135254;174080000;1647958306.41275
341;4.31041145324707;174592000;1647958316.4803402
342;4.193746566772461;175104000;1647958326.5449212
343;4.26145076751709;175616000;1647958336.6134439
344;4.253225326538086;176128000;1647958346.665156
345;4.160144805908203;176640000;1647958356.7190323
346;4.198619365692139;177152000;1647958366.7780874
347;4.254306793212891;177664000;1647958376.7995133
348;4.193602561950684;178176000;1647958385.1408215
349;4.191010475158691;178688000;1647958394.9824016
350;4.284415245056152;179200000;1647958411.639001
351;4.252866268157959;179712000;1647958420.0474322
352;4.199702262878418;180224000;1647958430.17084
353;4.23337459564209;180736000;1647958440.3190882
354;4.157398223876953;181248000;1647958450.3841586
355;4.21113395690918;181760000;1647958460.4448638
356;4.310438632965088;182272000;1647958470.521875
357;4.267507076263428;182784000;1647958480.7391531
358;4.246980667114258;183296000;1647958490.7957852
359;4.206945419311523;183808000;1647958500.839891
360;4.232727527618408;184320000;1647958510.8668876
361;4.302297592163086;184832000;1647958520.9306512
362;4.284641265869141;185344000;1647958530.9829135
363;4.240477561950684;185856000;1647958541.0121946
364;4.247577667236328;186368000;1647958551.248822
365;4.225237846374512;186880000;1647958561.490095
366;4.1797285079956055;187392000;1647958571.6301303
367;4.129993915557861;187904000;1647958581.6063912
368;4.248297691345215;188416000;1647958591.6080687
369;4.3304243087768555;188928000;1647958601.6603804
370;4.344141483306885;189440000;1647958611.733527
371;4.2378082275390625;189952000;1647958621.971171
372;4.2157158851623535;190464000;1647958632.195003
373;4.233251571655273;190976000;1647958642.2583158
374;4.226404666900635;191488000;1647958652.232697
375;4.238500595092773;192000000;1647958662.2940164
376;4.244763374328613;192512000;1647958672.6464796
377;4.27773380279541;193024000;1647958683.1730726
378;4.176226615905762;193536000;1647958693.3222854
379;4.2310028076171875;194048000;1647958703.3549795
380;4.253805637359619;194560000;1647958713.393692
381;4.192039966583252;195072000;1647958723.4509423
382;4.262928009033203;195584000;1647958733.4943824
383;4.369454383850098;196096000;1647958743.511978
384;4.1858015060424805;196608000;1647958753.5444984
385;4.160246849060059;197120000;1647958763.6098993
386;4.1475090980529785;197632000;1647958773.681411
387;4.163766860961914;198144000;1647958783.750245
388;4.1913957595825195;198656000;1647958793.831335
389;4.122278213500977;199168000;1647958803.9021635
390;4.154879570007324;199680000;1647958813.969669
391;4.176643371582031;200192000;1647958824.04396
392;4.150477886199951;200704000;1647958834.1132238
393;4.187479019165039;201216000;1647958844.1693
394;4.227002143859863;201728000;1647958854.2275915
395;4.180268287658691;202240000;1647958864.2843173
396;4.166135787963867;202752000;1647958874.3543923
397;4.176332473754883;203264000;1647958884.3316476
398;4.204893112182617;203776000;1647958892.6659691
399;4.159821510314941;204288000;1647958902.2034743
400;4.2434844970703125;204800000;1647958918.5669777
401;4.189335823059082;205312000;1647958927.463193
402;4.139787197113037;205824000;1647958937.5068932
403;4.191658020019531;206336000;1647958947.5552528
404;4.228537559509277;206848000;1647958957.5856404
405;4.368475437164307;207360000;1647958967.7143364
406;4.160128593444824;207872000;1647958977.8631382
407;4.1497321128845215;208384000;1647958987.814639
408;4.165942192077637;208896000;1647958997.8321748
409;4.207999229431152;209408000;1647959007.8208258
410;4.186311721801758;209920000;1647959017.8453488
411;4.320025444030762;210432000;1647959027.8266392
412;4.238677978515625;210944000;1647959037.8219972
413;4.172414302825928;211456000;1647959047.8125653
414;4.170311450958252;211968000;1647959057.7570164
415;4.4179792404174805;212480000;1647959067.7922332
416;4.242671012878418;212992000;1647959077.851921
417;4.2756757736206055;213504000;1647959088.0512648
418;4.270106315612793;214016000;1647959098.1049812
419;4.171093940734863;214528000;1647959108.1690445
420;4.194748878479004;215040000;1647959118.2344418
421;4.216801166534424;215552000;1647959128.2964754
422;4.157442092895508;216064000;1647959138.327494
423;4.333629608154297;216576000;1647959148.3876162
424;4.204694747924805;217088000;1647959158.437682
425;4.191791534423828;217600000;1647959168.5075214
426;4.221646785736084;218112000;1647959178.5719273
427;4.299000263214111;218624000;1647959188.6314845
428;4.284345626831055;219136000;1647959198.6785774
429;4.195842742919922;219648000;1647959208.740334
430;4.1818084716796875;220160000;1647959218.7978342
431;4.265227317810059;220672000;1647959228.8383875
432;4.214601039886475;221184000;1647959238.9099624
433;4.167801380157471;221696000;1647959248.976753
434;4.265743255615234;222208000;1647959259.0390575
435;4.268143653869629;222720000;1647959269.0956824
436;4.241921424865723;223232000;1647959279.1521146
437;4.1783766746521;223744000;1647959289.2095957
438;4.174469947814941;224256000;1647959299.270918
439;4.214330673217773;224768000;1647959309.3500285
440;4.173537254333496;225280000;1647959319.4242802
441;4.1649088859558105;225792000;1647959329.4817889
442;4.166426658630371;226304000;1647959339.545995
443;4.183618068695068;226816000;1647959349.5957413
444;4.135379791259766;227328000;1647959359.6427422
445;4.282710552215576;227840000;1647959369.6841586
446;4.270185947418213;228352000;1647959379.737215
447;4.160959243774414;228864000;1647959389.1785479
448;4.191841125488281;229376000;1647959398.254222
449;4.156115531921387;229888000;1647959407.7129214
450;4.1777191162109375;230400000;1647959424.5092688
451;4.142255783081055;230912000;1647959433.652164
452;4.215943336486816;231424000;1647959443.7323105
453;4.184847354888916;231936000;1647959453.8154898
454;4.174560546875;232448000;1647959463.8429782
455;4.234593391418457;232960000;1647959473.8859334
456;4.208587169647217;233472000;1647959483.9180007
457;4.223742961883545;233984000;1647959493.956012
458;4.3021979331970215;234496000;1647959504.0061293
459;4.234472274780273;235008000;1647959514.0504508
460;4.186839580535889;235520000;1647959524.1159708
461;4.157824516296387;236032000;1647959534.1772811
462;4.137107849121094;236544000;1647959544.220613
463;4.140589714050293;237056000;1647959554.2622468
464;4.152146816253662;237568000;1647959564.3117971
465;4.2332377433776855;238080000;1647959574.35727
466;4.136305809020996;238592000;1647959584.4247396
467;4.203518390655518;239104000;1647959594.4882765
468;4.187542915344238;239616000;1647959604.551298
469;4.147809028625488;240128000;1647959614.5653882
470;4.17294979095459;240640000;1647959624.6190264
471;4.158219337463379;241152000;1647959634.6629236
472;4.176415920257568;241664000;1647959644.6224444
473;4.211714744567871;242176000;1647959654.6431837
474;4.161630630493164;242688000;1647959664.7103
475;4.206076622009277;243200000;1647959674.7845407
476;4.315221786499023;243712000;1647959684.8531067
477;4.281642913818359;244224000;1647959694.9194348
478;4.194727897644043;244736000;1647959704.977681
479;4.1664862632751465;245248000;1647959715.043001
480;4.173848628997803;245760000;1647959725.0810037
481;4.188510894775391;246272000;1647959735.0759194
482;4.119570255279541;246784000;1647959745.2507837
483;4.138115882873535;247296000;1647959755.2828474
484;4.2575483322143555;247808000;1647959765.355636
485;4.127540588378906;248320000;1647959775.6692638
486;4.106215476989746;248832000;1647959785.6974049
487;4.061230659484863;249344000;1647959795.694939
488;4.258666515350342;249856000;1647959806.000346
489;4.188190937042236;250368000;1647959816.061244
490;4.356493949890137;250880000;1647959826.2859385
491;4.137303352355957;251392000;1647959836.353823
492;4.204311847686768;251904000;1647959846.407006
493;4.172538757324219;252416000;1647959856.4384003
494;4.230423927307129;252928000;1647959866.5088596
495;4.163125991821289;253440000;1647959876.5663753
496;4.137452602386475;253952000;1647959886.600407
497;4.170252323150635;254464000;1647959895.247727
498;4.132370471954346;254976000;1647959904.9203653
499;4.229903221130371;255488000;1647959913.5845606
500;4.107020378112793;256000000;1647959931.413783
501;4.154928207397461;256512000;1647959940.9243157
502;4.187865257263184;257024000;1647959951.0032144
503;4.246264457702637;257536000;1647959961.0564997
504;4.221083641052246;258048000;1647959971.0738614
505;4.216738700866699;258560000;1647959981.091853
506;4.176207065582275;259072000;1647959991.1419563
507;4.322290420532227;259584000;1647960001.1983511
508;4.223933219909668;260096000;1647960011.2471225
509;4.163827896118164;260608000;1647960021.2865584
510;4.226353645324707;261120000;1647960031.3350613
511;4.187177658081055;261632000;1647960041.3736
512;4.140267372131348;262144000;1647960051.5399504
513;4.232845783233643;262656000;1647960061.5936701
514;4.256890296936035;263168000;1647960071.6537378
515;4.2586669921875;263680000;1647960081.7101986
516;4.195792198181152;264192000;1647960091.773064
517;4.152891159057617;264704000;1647960101.833173
518;4.154356479644775;265216000;1647960111.9066322
519;4.260100364685059;265728000;1647960121.9614909
520;4.245601177215576;266240000;1647960131.9688742
521;4.146063327789307;266752000;1647960142.0386922
522;4.150086879730225;267264000;1647960152.1015842
523;4.250758647918701;267776000;1647960162.1629174
524;4.183910369873047;268288000;1647960172.2067702
525;4.1305928230285645;268800000;1647960182.2119973
526;4.179732799530029;269312000;1647960192.2752805
527;4.11500358581543;269824000;1647960202.3205853
528;4.152987480163574;270336000;1647960212.313962
529;4.151619911193848;270848000;1647960222.3495197
530;4.206653594970703;271360000;1647960232.4124887
531;4.162170886993408;271872000;1647960242.4349034
532;4.175503730773926;272384000;1647960252.4829986
533;4.165538787841797;272896000;1647960262.5416095
534;4.151885509490967;273408000;1647960272.4951668
535;4.132758140563965;273920000;1647960282.5281723
536;4.140008926391602;274432000;1647960292.5864515
537;4.207839012145996;274944000;1647960302.650171
538;4.1530375480651855;275456000;1647960312.6320126
539;4.222171783447266;275968000;1647960322.6934555
540;4.189115047454834;276480000;1647960332.7420018
541;4.181123733520508;276992000;1647960342.7603173
542;4.102593421936035;277504000;1647960352.8786988
543;4.101899147033691;278016000;1647960362.9018645
544;4.15516996383667;278528000;1647960372.9306514
545;4.145814895629883;279040000;1647960382.9614387
546;4.212331295013428;279552000;1647960392.8861313
547;4.217991828918457;280064000;1647960401.1186283
548;4.285078048706055;280576000;1647960410.7943091
549;4.129522323608398;281088000;1647960419.7954967
550;4.1421966552734375;281600000;1647960437.9143102
551;4.243621826171875;282112000;1647960446.7387736
552;4.182041645050049;282624000;1647960456.775588
553;4.158186912536621;283136000;1647960466.820993
554;4.333982467651367;283648000;1647960476.806189
555;4.223536491394043;284160000;1647960486.8206956
556;4.269541263580322;284672000;1647960496.8108122
557;4.303549766540527;285184000;1647960506.857931
558;4.095674991607666;285696000;1647960516.9170306
559;4.204545974731445;286208000;1647960526.970674
560;4.278014659881592;286720000;1647960537.0394363
561;4.164208889007568;287232000;1647960547.101791
562;4.148550987243652;287744000;1647960557.169881
563;4.19366455078125;288256000;1647960567.2321966
564;4.211084842681885;288768000;1647960577.285697
565;4.164915084838867;289280000;1647960587.3531125
566;4.144794464111328;289792000;1647960597.4105477
567;4.116575241088867;290304000;1647960607.4777253
568;4.140377998352051;290816000;1647960617.5296519
569;4.180574417114258;291328000;1647960627.5774558
570;4.100503921508789;291840000;1647960637.6190102
571;4.106972694396973;292352000;1647960647.660656
572;4.119528770446777;292864000;1647960657.7463727
573;4.193199634552002;293376000;1647960667.8170352
574;4.217082977294922;293888000;1647960677.8848708
575;4.158736228942871;294400000;1647960687.902818
576;4.235610008239746;294912000;1647960697.9619875
577;4.195865631103516;295424000;1647960708.0261946
578;4.099213600158691;295936000;1647960718.073207
579;4.169657230377197;296448000;1647960728.1423786
580;4.195285797119141;296960000;1647960738.2069206
581;4.223193168640137;297472000;1647960748.2551482
582;4.333834648132324;297984000;1647960758.310432
583;4.257252216339111;298496000;1647960768.3573434
584;4.214643478393555;299008000;1647960778.3648684
585;4.248645782470703;299520000;1647960788.3907616
586;4.201677322387695;300032000;1647960798.452518
587;4.240368843078613;300544000;1647960808.5294313
588;4.179182052612305;301056000;1647960818.5700836
589;4.26349401473999;301568000;1647960828.600418
590;4.1979756355285645;302080000;1647960838.6492267
591;4.246212482452393;302592000;1647960848.6888485
592;4.260555267333984;303104000;1647960858.7313354
593;4.245753288269043;303616000;1647960868.7966666
594;4.199244499206543;304128000;1647960878.857129
595;4.207063674926758;304640000;1647960888.906439
596;4.199176788330078;305152000;1647960898.4240518
597;4.158315658569336;305664000;1647960907.179743
598;4.180417060852051;306176000;1647960915.876414
599;4.240575790405273;306688000;1647960925.658181
600;4.248809814453125;307200000;1647960943.851894
601;4.168654918670654;307712000;1647960952.6976411
602;4.162035942077637;308224000;1647960962.7590742
603;4.155521869659424;308736000;1647960972.835584
604;4.184172630310059;309248000;1647960982.8848495
605;4.1785478591918945;309760000;1647960992.8696117
606;4.185206413269043;310272000;1647961003.093932
607;4.203117370605469;310784000;1647961013.1434858
608;4.184182643890381;311296000;1647961023.2062857
609;4.225855827331543;311808000;1647961033.266399
610;4.188603401184082;312320000;1647961043.3312135
611;4.2262725830078125;312832000;1647961053.3938732
612;4.167856693267822;313344000;1647961063.4485078
613;4.179391860961914;313856000;1647961073.5115771
614;4.275527000427246;314368000;1647961083.5802884
615;4.196473121643066;314880000;1647961093.6499507
616;4.219969749450684;315392000;1647961103.7234387
617;4.200804710388184;315904000;1647961113.7862482
618;4.229763031005859;316416000;1647961123.7792196
619;4.28165340423584;316928000;1647961133.7318978
620;4.261831283569336;317440000;1647961143.664683
621;4.27947998046875;317952000;1647961153.6049955
622;4.337033271789551;318464000;1647961163.6165748
623;4.154473781585693;318976000;1647961173.6060054
624;4.206496238708496;319488000;1647961183.5825226
625;4.192624568939209;320000000;1647961193.5556345
626;4.187583923339844;320512000;1647961203.6168995
627;4.209163665771484;321024000;1647961213.6785007
628;4.27872371673584;321536000;1647961223.7521982
629;4.2781572341918945;322048000;1647961233.8289447
630;4.165093421936035;322560000;1647961243.9052756
631;4.168997287750244;323072000;1647961253.9713137
632;4.269169807434082;323584000;1647961264.032168
633;4.211858749389648;324096000;1647961274.0883076
634;4.195789337158203;324608000;1647961284.1615133
635;4.188563346862793;325120000;1647961294.2347958
636;4.17495059967041;325632000;1647961304.2753997
637;4.116523742675781;326144000;1647961314.352124
638;4.155498504638672;326656000;1647961324.4239526
639;4.168253421783447;327168000;1647961334.47866
640;4.184328079223633;327680000;1647961344.5123508
641;4.161584377288818;328192000;1647961354.5346935
642;4.1963911056518555;328704000;1647961364.5242748
643;4.200908660888672;329216000;1647961374.540136
644;4.122467517852783;329728000;1647961384.5342162
645;4.174678325653076;330240000;1647961394.6174817
646;4.203827857971191;330752000;1647961403.6258123
647;4.169000625610352;331264000;1647961412.702635
648;4.223683834075928;331776000;1647961421.1622396
649;4.172066688537598;332288000;1647961431.237245
650;4.157262802124023;332800000;1647961449.178969
651;4.202432155609131;333312000;1647961457.5088248
652;4.233700275421143;333824000;1647961467.5991344
653;4.244468688964844;334336000;1647961477.6848989
654;4.323475360870361;334848000;1647961487.7588408
655;4.2725653648376465;335360000;1647961497.8180387
656;4.3814697265625;335872000;1647961507.8657515
657;4.2326202392578125;336384000;1647961517.919665
658;4.166029930114746;336896000;1647961527.958507
659;4.162197113037109;337408000;1647961538.1221435
660;4.19487190246582;337920000;1647961548.296126
661;4.1390533447265625;338432000;1647961558.317009
662;4.18401575088501;338944000;1647961568.3476653
663;4.21058464050293;339456000;1647961578.4085908
664;4.263681411743164;339968000;1647961588.4612029
665;4.208405017852783;340480000;1647961598.5134828
666;4.173933982849121;340992000;1647961608.5320814
667;4.188262462615967;341504000;1647961618.591157
668;4.1337432861328125;342016000;1647961628.6585305
669;4.159085750579834;342528000;1647961638.730097
670;4.151351451873779;343040000;1647961648.7985303
671;4.1850810050964355;343552000;1647961658.8544614
672;4.225844383239746;344064000;1647961668.9082804
673;4.19187068939209;344576000;1647961678.9655445
674;4.177759647369385;345088000;1647961689.015561
675;4.182651519775391;345600000;1647961699.0780094
676;4.188932418823242;346112000;1647961709.1422017
677;4.1260833740234375;346624000;1647961719.205884
678;4.170289516448975;347136000;1647961729.2220852
679;4.239721298217773;347648000;1647961739.1749768
680;4.197371006011963;348160000;1647961749.0987759
681;4.25471305847168;348672000;1647961759.1012213
682;4.165683746337891;349184000;1647961769.0790212
683;4.141031265258789;349696000;1647961779.03525
684;4.16596794128418;350208000;1647961789.215409
685;4.095841407775879;350720000;1647961799.2413058
686;4.149209976196289;351232000;1647961809.328058
687;4.132932662963867;351744000;1647961819.4641247
688;4.169466018676758;352256000;1647961829.469524
689;4.219649791717529;352768000;1647961839.471878
690;4.342588424682617;353280000;1647961849.4551878
691;4.283024787902832;353792000;1647961859.6409652
692;4.188699722290039;354304000;1647961869.6889637
693;4.197196960449219;354816000;1647961879.725813
694;4.163171291351318;355328000;1647961889.7688894
695;4.158553123474121;355840000;1647961899.8286169
696;4.126600742340088;356352000;1647961908.6856382
697;4.167411804199219;356864000;1647961917.352646
698;4.208548069000244;357376000;1647961926.51826
699;4.16675329208374;357888000;1647961936.4666953
700;4.172055244445801;358400000;1647961955.346722
701;4.297706604003906;358912000;1647961963.9121716
702;4.172847270965576;359424000;1647961973.8376899
703;4.153295993804932;359936000;1647961983.914025
704;4.145820617675781;360448000;1647961993.991916
705;4.131725311279297;360960000;1647962004.0611398
706;4.236050605773926;361472000;1647962014.1142085
707;4.124105453491211;361984000;1647962024.647555
708;4.1803765296936035;362496000;1647962034.635343
709;4.151815414428711;363008000;1647962044.7078922
710;4.109552383422852;363520000;1647962054.7647686
711;4.139975547790527;364032000;1647962064.8290906
712;4.198398113250732;364544000;1647962074.8898966
713;4.278476715087891;365056000;1647962084.953853
714;4.178855895996094;365568000;1647962095.0200312
715;4.138340950012207;366080000;1647962105.3235822
716;4.188087463378906;366592000;1647962115.3669424
717;4.154092788696289;367104000;1647962125.3575268
718;4.13765811920166;367616000;1647962135.379676
719;4.2160749435424805;368128000;1647962145.4110804
720;4.13798713684082;368640000;1647962155.4215372
721;4.209436416625977;369152000;1647962165.3740227
722;4.226205825805664;369664000;1647962175.3317912
723;4.199187278747559;370176000;1647962185.1551406
724;4.191847801208496;370688000;1647962195.2740529
725;4.266770362854004;371200000;1647962205.2538092
726;4.213780403137207;371712000;1647962215.5184298
727;4.193323135375977;372224000;1647962226.1224315
728;4.2010040283203125;372736000;1647962236.199593
729;4.1915178298950195;373248000;1647962246.4754024
730;4.249112129211426;373760000;1647962256.5999134
731;4.210232734680176;374272000;1647962266.5918794
732;4.110387325286865;374784000;1647962276.5833206
733;4.141152381896973;375296000;1647962286.3994055
734;4.146452903747559;375808000;1647962296.591056
735;4.2237548828125;376320000;1647962306.5325077
736;4.139697074890137;376832000;1647962316.5924475
737;4.192803859710693;377344000;1647962326.6611671
738;4.233845233917236;377856000;1647962336.7199662
739;4.374606132507324;378368000;1647962346.7489192
740;4.1922502517700195;378880000;1647962356.7012854
741;4.308591842651367;379392000;1647962366.7838242
742;4.2064924240112305;379904000;1647962377.3667529
743;4.2524919509887695;380416000;1647962387.2919028
744;4.257445812225342;380928000;1647962397.2314355
745;4.192620754241943;381440000;1647962407.8530736
746;4.237822532653809;381952000;1647962417.2287557
747;4.257547378540039;382464000;1647962424.1448176
748;4.189617156982422;382976000;1647962433.380336
749;4.185525417327881;383488000;1647962443.421338
750;4.199575901031494;384000000;1647962461.796689
751;4.208995819091797;384512000;1647962471.9863021
752;4.155811309814453;385024000;1647962482.0735967
753;4.214240074157715;385536000;1647962492.1446753
754;4.194430351257324;386048000;1647962502.2091532
755;4.257966995239258;386560000;1647962512.2386367
756;4.229560852050781;387072000;1647962522.2703612
757;4.235593795776367;387584000;1647962532.3142867
758;4.172612190246582;388096000;1647962542.3408895
759;4.176054954528809;388608000;1647962552.3535688
760;4.187958240509033;389120000;1647962562.3767195
761;4.265727996826172;389632000;1647962572.4277635
762;4.18057918548584;390144000;1647962582.4988258
763;4.164372444152832;390656000;1647962592.5687733
764;4.235496520996094;391168000;1647962602.6246474
765;4.160503387451172;391680000;1647962612.681132
766;4.313915252685547;392192000;1647962622.7369487
767;4.307279586791992;392704000;1647962632.79529
768;4.195664405822754;393216000;1647962642.820409
769;4.226680278778076;393728000;1647962652.8840063
770;4.1923322677612305;394240000;1647962662.868508
771;4.150392532348633;394752000;1647962672.934807
772;4.1463799476623535;395264000;1647962683.0061595
773;4.233270645141602;395776000;1647962693.062412
774;4.211524963378906;396288000;1647962703.1107817
775;4.212896823883057;396800000;1647962713.183738
776;4.144253730773926;397312000;1647962723.229893
777;4.176485061645508;397824000;1647962733.26921
778;4.19552755355835;398336000;1647962743.30107
779;4.15449857711792;398848000;1647962753.3311949
780;4.154360294342041;399360000;1647962763.298174
781;4.197025299072266;399872000;1647962773.2864246
782;4.231656074523926;400384000;1647962783.3094487
783;4.23200798034668;400896000;1647962793.362188
784;4.219533920288086;401408000;1647962803.4207022
785;4.294926166534424;401920000;1647962813.4899995
786;4.211499214172363;402432000;1647962823.5653973
787;4.153202056884766;402944000;1647962833.6208053
788;4.166204929351807;403456000;1647962843.6579337
789;4.164522647857666;403968000;1647962853.7106075
790;4.211318016052246;404480000;1647962863.7796628
791;4.1373186111450195;404992000;1647962873.7804384
792;4.137089252471924;405504000;1647962883.8254738
793;4.1868414878845215;406016000;1647962893.863334
794;4.137310028076172;406528000;1647962903.9323988
795;4.183518409729004;407040000;1647962913.9891272
796;4.12347936630249;407552000;1647962923.103831
797;4.124074935913086;408064000;1647962930.1040509
798;4.133216381072998;408576000;1647962940.1547382
799;4.235390663146973;409088000;1647962950.1731992
800;4.2159600257873535;409600000;1647962967.7915206
801;4.229405403137207;410112000;1647962977.66385
802;4.259659767150879;410624000;1647962987.7240615
803;4.175400733947754;411136000;1647962997.790952
804;4.135210037231445;411648000;1647963007.8516011
805;4.122949123382568;412160000;1647963017.9182339
806;4.13677453994751;412672000;1647963027.8764565
807;4.129144191741943;413184000;1647963037.8477135
808;4.174342155456543;413696000;1647963047.8896446
809;4.14482307434082;414208000;1647963057.897755
810;4.176761627197266;414720000;1647963067.8669214
811;4.135625839233398;415232000;1647963077.9095929
812;4.153534412384033;415744000;1647963087.9069545
813;4.189299583435059;416256000;1647963097.9497519
814;4.123685836791992;416768000;1647963107.9456184
815;4.108452796936035;417280000;1647963117.8902562
816;4.150603294372559;417792000;1647963127.9973505
817;4.152836799621582;418304000;1647963137.9591334
818;4.210412502288818;418816000;1647963147.918234
819;4.282244682312012;419328000;1647963157.9308836
820;4.153326511383057;419840000;1647963168.1761672
821;4.187494277954102;420352000;1647963178.2590742
822;4.29075813293457;420864000;1647963188.2342172
823;4.179903030395508;421376000;1647963198.2912023
824;4.19185733795166;421888000;1647963208.3614566
825;4.147886276245117;422400000;1647963218.3982158
826;4.175919532775879;422912000;1647963228.4273677
827;4.348788261413574;423424000;1647963238.4205956
828;4.327352046966553;423936000;1647963248.4912844
829;4.2558207511901855;424448000;1647963258.5599875
830;4.232637405395508;424960000;1647963268.640206
831;4.1646528244018555;425472000;1647963278.7024503
832;4.184902667999268;425984000;1647963288.7693431
833;4.205924987792969;426496000;1647963298.8436716
834;4.182283401489258;427008000;1647963308.8951285
835;4.178404331207275;427520000;1647963318.96635
836;4.226167678833008;428032000;1647963329.0154202
837;4.169939041137695;428544000;1647963339.0817971
838;4.1718034744262695;429056000;1647963349.162458
839;4.143194675445557;429568000;1647963359.1645558
840;4.238803863525391;430080000;1647963369.2250888
841;4.170063018798828;430592000;1647963379.2876954
842;4.264773845672607;431104000;1647963389.3663702
843;4.338554382324219;431616000;1647963399.4523726
844;4.215001106262207;432128000;1647963409.5307672
845;4.275724411010742;432640000;1647963419.5981112
846;4.225996017456055;433152000;1647963428.2680988
847;4.249858856201172;433664000;1647963435.6963387
848;4.224327087402344;434176000;1647963445.7270226
849;4.2029218673706055;434688000;1647963455.8013716
850;4.152525901794434;435200000;1647963473.4334767
851;4.163789749145508;435712000;1647963483.2702022
852;4.112881660461426;436224000;1647963493.3345122
853;4.246895790100098;436736000;1647963503.410964
854;4.23904275894165;437248000;1647963513.4708767
855;4.1527862548828125;437760000;1647963523.5238137
856;4.204902172088623;438272000;1647963533.5973408
857;4.186655044555664;438784000;1647963543.6818666
858;4.180237770080566;439296000;1647963553.773063
859;4.210902214050293;439808000;1647963563.8534844
860;4.197854995727539;440320000;1647963573.930323
861;4.259072303771973;440832000;1647963583.9966936
862;4.2283477783203125;441344000;1647963594.051613
863;4.177124977111816;441856000;1647963604.0868042
864;4.248749256134033;442368000;1647963614.1443162
865;4.249263286590576;442880000;1647963624.2292478
866;4.283974647521973;443392000;1647963634.3104649
867;4.29276180267334;443904000;1647963644.3310294
868;4.251168251037598;444416000;1647963654.3917556
869;4.199066638946533;444928000;1647963664.5274005
870;4.200440406799316;445440000;1647963674.6492026
871;4.190578937530518;445952000;1647963684.6814368
872;4.168156623840332;446464000;1647963694.713273
873;4.203874588012695;446976000;1647963704.7625854
874;4.29450798034668;447488000;1647963714.8135293
875;4.228909969329834;448000000;1647963724.8768835
876;4.170871734619141;448512000;1647963734.9520884
877;4.140125274658203;449024000;1647963745.010836
878;4.184264183044434;449536000;1647963755.0666244
879;4.191705703735352;450048000;1647963765.1070797
880;4.190018177032471;450560000;1647963775.1294818
881;4.249548435211182;451072000;1647963785.1453307
882;4.223057746887207;451584000;1647963795.1821926
883;4.251311779022217;452096000;1647963805.253227
884;4.218428134918213;452608000;1647963815.3411248
885;4.162446975708008;453120000;1647963825.4177954
886;4.204954147338867;453632000;1647963835.4896722
887;4.178178310394287;454144000;1647963845.4883413
888;4.182213306427002;454656000;1647963855.5625544
889;4.201009750366211;455168000;1647963865.6011572
890;4.23321533203125;455680000;1647963875.6673691
891;4.1446638107299805;456192000;1647963885.754863
892;4.224491119384766;456704000;1647963895.830726
893;4.2379231452941895;457216000;1647963905.9069164
894;4.145131587982178;457728000;1647963915.9327269
895;4.1818647384643555;458240000;1647963925.944247
896;4.209659576416016;458752000;1647963933.8045506
897;4.191854953765869;459264000;1647963941.9530025
898;4.209826469421387;459776000;1647963952.0255253
899;4.181964874267578;460288000;1647963962.0584238
900;4.186523914337158;460800000;1647963979.8241599
901;4.112913131713867;461312000;1647963989.382793
902;4.114718437194824;461824000;1647963999.426596
903;4.125759601593018;462336000;1647964009.4517488
904;4.183408737182617;462848000;1647964019.5001643
905;4.191046237945557;463360000;1647964029.5469475
906;4.140842914581299;463872000;1647964039.568708
907;4.1588029861450195;464384000;1647964049.6306317
908;4.207640647888184;464896000;1647964059.6813757
909;4.135289192199707;465408000;1647964069.7226079
910;4.145956039428711;465920000;1647964079.7706392
911;4.155430316925049;466432000;1647964089.8279374
912;4.165225028991699;466944000;1647964099.8771703
913;4.157602310180664;467456000;1647964109.8833854
914;4.164236068725586;467968000;1647964119.926698
915;4.15936279296875;468480000;1647964129.9828355
916;4.219719886779785;468992000;1647964140.0146809
917;4.152783393859863;469504000;1647964150.0717778
918;4.169286727905273;470016000;1647964160.1028938
919;4.184666633605957;470528000;1647964170.1602895
920;4.292469501495361;471040000;1647964180.1811976
921;4.291761875152588;471552000;1647964190.2457798
922;4.249688148498535;472064000;1647964200.286989
923;4.338149070739746;472576000;1647964210.3017268
924;4.259087562561035;473088000;1647964220.3137338
925;4.178670883178711;473600000;1647964230.356735
926;4.170191287994385;474112000;1647964240.4235835
927;4.172853469848633;474624000;1647964250.4829593
928;4.143801212310791;475136000;1647964260.5396397
929;4.154797554016113;475648000;1647964270.59692
930;4.248877048492432;476160000;1647964280.657821
931;4.152858734130859;476672000;1647964290.7084732
932;4.170328140258789;477184000;1647964300.7700152
933;4.154843330383301;477696000;1647964310.788081
934;4.145089149475098;478208000;1647964320.8439548
935;4.202545642852783;478720000;1647964330.900172
936;4.208919048309326;479232000;1647964340.9428484
937;4.156194686889648;479744000;1647964350.997139
938;4.145539283752441;480256000;1647964360.9982462
939;4.172513008117676;480768000;1647964371.057853
940;4.2020344734191895;481280000;1647964381.136368
941;4.198605060577393;481792000;1647964391.2160928
942;4.2291646003723145;482304000;1647964401.2842722
943;4.271772384643555;482816000;1647964411.3566127
944;4.220473289489746;483328000;1647964421.4327674
945;4.2206315994262695;483840000;1647964431.4901793
946;4.185632705688477;484352000;1647964438.7243557
947;4.192569732666016;484864000;1647964447.4271123
948;4.173224925994873;485376000;1647964457.5253093
949;4.175352573394775;485888000;1647964467.589435
950;4.156293869018555;486400000;1647964485.6005046
951;4.11738395690918;486912000;1647964495.1593654
952;4.196722984313965;487424000;1647964505.5237389
953;4.216702461242676;487936000;1647964515.5453622
954;4.375174522399902;488448000;1647964525.5612621
955;4.227739334106445;488960000;1647964535.6259303
956;4.17623233795166;489472000;1647964545.660029
957;4.213889122009277;489984000;1647964555.7124922
958;4.20057487487793;490496000;1647964565.7290363
959;4.25189733505249;491008000;1647964575.7988713
960;4.257510662078857;491520000;1647964585.8724818
961;4.249141693115234;492032000;1647964595.9498904
962;4.19354248046875;492544000;1647964605.9997332
963;4.177323818206787;493056000;1647964616.0724282
964;4.2589006423950195;493568000;1647964626.1186204
965;4.212876319885254;494080000;1647964636.177487
966;4.196310043334961;494592000;1647964646.2375867
967;4.172027587890625;495104000;1647964656.4577754
968;4.271111965179443;495616000;1647964666.5337331
969;4.232667446136475;496128000;1647964676.5797088
970;4.23990535736084;496640000;1647964686.6189315
971;4.294572830200195;497152000;1647964696.65423
972;4.256078243255615;497664000;1647964706.6744888
973;4.181278228759766;498176000;1647964716.720128
974;4.283720016479492;498688000;1647964726.78001
975;4.383800506591797;499200000;1647964736.8221183
976;4.294338226318359;499712000;1647964746.8742218
977;4.1724853515625;500224000;1647964756.901259
978;4.183370590209961;500736000;1647964766.9415045
979;4.204662799835205;501248000;1647964776.9712336
980;4.2267632484436035;501760000;1647964787.0104852
981;4.286709308624268;502272000;1647964797.0487266
982;4.191585540771484;502784000;1647964807.0955598
983;4.208827972412109;503296000;1647964817.1081512
984;4.214848041534424;503808000;1647964827.280585
985;4.190517425537109;504320000;1647964837.2973354
986;4.170164108276367;504832000;1647964847.3255053
987;4.230298042297363;505344000;1647964857.3616831
988;4.158595085144043;505856000;1647964867.3198328
989;4.243346214294434;506368000;1647964877.3082278
990;4.216172218322754;506880000;1647964887.3322787
991;4.1873345375061035;507392000;1647964897.3520126
992;4.147950649261475;507904000;1647964907.410334
993;4.164133071899414;508416000;1647964917.4792254
994;4.087164402008057;508928000;1647964927.5581226
995;4.120705604553223;509440000;1647964937.3667157
996;4.090784072875977;509952000;1647964944.3811822
997;4.138489246368408;510464000;1647964954.1004944
998;4.182476043701172;510976000;1647964964.147589
999;4.180206775665283;511488000;1647964974.1566308
1000;4.1915998458862305;512000000;1647964991.9912255
1001;4.263462066650391;512512000;1647965001.7890937
1002;4.228963851928711;513024000;1647965011.9551053
1003;4.136219501495361;513536000;1647965022.0597186
1004;4.123827934265137;514048000;1647965032.058302
1005;4.0840911865234375;514560000;1647965042.1213865
1006;4.130308628082275;515072000;1647965052.195374
1007;4.1566267013549805;515584000;1647965062.2636719
1008;4.193550109863281;516096000;1647965072.322048
1009;4.2676262855529785;516608000;1647965082.3804553
1010;4.168550968170166;517120000;1647965092.4441166
1011;4.199836730957031;517632000;1647965102.5133052
1012;4.213024139404297;518144000;1647965112.5796843
1013;4.228819847106934;518656000;1647965122.6562417
1014;4.181737899780273;519168000;1647965132.723305
1015;4.244091033935547;519680000;1647965142.790636
1016;4.150723934173584;520192000;1647965152.8513055
1017;4.160167217254639;520704000;1647965162.924809
1018;4.150397300720215;521216000;1647965172.9725606
1019;4.3003644943237305;521728000;1647965183.0011754
1020;4.161813259124756;522240000;1647965193.0290089
1021;4.199443817138672;522752000;1647965203.0985463
1022;4.21259880065918;523264000;1647965213.3119602
1023;4.149299621582031;523776000;1647965223.365064
1024;4.278018951416016;524288000;1647965233.4266672
1025;4.15914249420166;524800000;1647965243.5012393
1026;4.238154411315918;525312000;1647965253.529459
1027;4.298979759216309;525824000;1647965263.5988927
1028;4.20554256439209;526336000;1647965273.6587887
1029;4.206503868103027;526848000;1647965283.7314692
1030;4.2036051750183105;527360000;1647965293.7934694
1031;4.16671085357666;527872000;1647965303.8668234
1032;4.2009429931640625;528384000;1647965313.9503727
1033;4.193303108215332;528896000;1647965324.0367577
1034;4.158559799194336;529408000;1647965334.116837
1035;4.183348178863525;529920000;1647965344.1513362
1036;4.176599502563477;530432000;1647965354.200286
1037;4.142612457275391;530944000;1647965364.2343037
1038;4.162210464477539;531456000;1647965374.212556
1039;4.151390552520752;531968000;1647965384.216967
1040;4.181708335876465;532480000;1647965394.2936053
1041;4.194951057434082;532992000;1647965404.3802774
1042;4.130159378051758;533504000;1647965414.4129336
1043;4.186789512634277;534016000;1647965424.4848073
1044;4.222414970397949;534528000;1647965434.558448
1045;4.231205463409424;535040000;1647965443.3414257
1046;4.324933052062988;535552000;1647965451.0650575
1047;4.218986988067627;536064000;1647965461.1140752
1048;4.240866661071777;536576000;1647965471.199038
1049;4.181726455688477;537088000;1647965481.2570832
1050;4.239581108093262;537600000;1647965498.977405
1051;4.194550037384033;538112000;1647965508.6633694
1052;4.205768585205078;538624000;1647965518.7506573
1053;4.20847225189209;539136000;1647965528.8150766
1054;4.218134880065918;539648000;1647965538.74688
1055;4.19834041595459;540160000;1647965548.7397275
1056;4.203373908996582;540672000;1647965558.7520335
1057;4.224020957946777;541184000;1647965568.7966282
1058;4.211806774139404;541696000;1647965578.8261945
1059;4.231021881103516;542208000;1647965588.8532085
1060;4.22092866897583;542720000;1647965598.865697
1061;4.182297229766846;543232000;1647965608.8904586
1062;4.19218635559082;543744000;1647965618.8765748
1063;4.16370964050293;544256000;1647965628.8653874
1064;4.201796054840088;544768000;1647965638.8958123
1065;4.205571174621582;545280000;1647965649.0128517
1066;4.201893329620361;545792000;1647965659.0552447
1067;4.211968421936035;546304000;1647965669.0344632
1068;4.1650543212890625;546816000;1647965678.9974697
1069;4.167097091674805;547328000;1647965689.134576
1070;4.153732776641846;547840000;1647965699.1899614
1071;4.1999359130859375;548352000;1647965709.2597234
1072;4.166995048522949;548864000;1647965719.3147585
1073;4.128090858459473;549376000;1647965729.329594
1074;4.123276710510254;549888000;1647965739.3151515
1075;4.142455577850342;550400000;1647965749.3289135
1076;4.125454902648926;550912000;1647965759.3332815
1077;4.14923095703125;551424000;1647965769.458497
1078;4.261317253112793;551936000;1647965779.4766324
1079;4.1299967765808105;552448000;1647965789.4913547
1080;4.223431587219238;552960000;1647965799.3791354
1081;4.169447898864746;553472000;1647965809.4043918
1082;4.191795349121094;553984000;1647965819.357321
1083;4.224221706390381;554496000;1647965829.347494
1084;4.262372016906738;555008000;1647965839.3765225
1085;4.141764163970947;555520000;1647965849.410674
1086;4.0887041091918945;556032000;1647965859.4173272
1087;4.193248748779297;556544000;1647965869.3557994
1088;4.168405532836914;557056000;1647965879.414169
1089;4.111189842224121;557568000;1647965889.4741478
1090;4.139636039733887;558080000;1647965899.5387502
1091;4.154974460601807;558592000;1647965909.5929348
1092;4.1122565269470215;559104000;1647965919.659957
1093;4.143921375274658;559616000;1647965929.6761386
1094;4.17275333404541;560128000;1647965939.6415148
1095;4.216065406799316;560640000;1647965947.8033612
1096;4.21404504776001;561152000;1647965955.2970545
1097;4.165174961090088;561664000;1647965965.3438847
1098;4.174810409545898;562176000;1647965975.396876
1099;4.1795806884765625;562688000;1647965985.4513693
1100;4.209408760070801;563200000;1647966006.9747338
1101;4.122653961181641;563712000;1647966017.4844558
1102;4.164119720458984;564224000;1647966027.6905384
1103;4.210983753204346;564736000;1647966037.752969
1104;4.234682559967041;565248000;1647966047.8212056
1105;4.270937919616699;565760000;1647966057.8816948
1106;4.236825942993164;566272000;1647966067.9560103
1107;4.227142810821533;566784000;1647966078.0238516
1108;4.2364821434021;567296000;1647966088.104571
1109;4.208266735076904;567808000;1647966098.1660316
1110;4.182273864746094;568320000;1647966108.2330768
1111;4.170616149902344;568832000;1647966118.3075876
1112;4.172091007232666;569344000;1647966128.3804364
1113;4.14833927154541;569856000;1647966138.451742
1114;4.148129463195801;570368000;1647966148.5197568
1115;4.205171585083008;570880000;1647966158.6062276
1116;4.175711631774902;571392000;1647966168.6488147
1117;4.158125877380371;571904000;1647966178.716098
1118;4.1894731521606445;572416000;1647966188.7886374
1119;4.115151405334473;572928000;1647966198.8386214
1120;4.145149230957031;573440000;1647966208.8205214
1121;4.178376197814941;573952000;1647966218.8617396
1122;4.22946834564209;574464000;1647966228.931123
1123;4.331328392028809;574976000;1647966238.901414
1124;4.291221618652344;575488000;1647966248.9240932
1125;4.211887359619141;576000000;1647966258.9506552
1126;4.181617259979248;576512000;1647966268.9890828
1127;4.191946029663086;577024000;1647966279.040095
1128;4.155149459838867;577536000;1647966289.093763
1129;4.180064678192139;578048000;1647966299.1612155
1130;4.184582710266113;578560000;1647966309.215027
1131;4.231505870819092;579072000;1647966319.2789767
1132;4.251529693603516;579584000;1647966329.342925
1133;4.2289628982543945;580096000;1647966339.3965209
1134;4.17073917388916;580608000;1647966349.4404247
1135;4.175840377807617;581120000;1647966359.496113
1136;4.176090240478516;581632000;1647966369.5486674
1137;4.23865270614624;582144000;1647966379.5914664
1138;4.228389263153076;582656000;1647966389.6207678
1139;4.226499557495117;583168000;1647966399.6718898
1140;4.240340232849121;583680000;1647966409.7326915
1141;4.2083587646484375;584192000;1647966419.785028
1142;4.165912628173828;584704000;1647966429.824065
1143;4.219751834869385;585216000;1647966439.8395789
1144;4.206984043121338;585728000;1647966449.248763
1145;4.253801345825195;586240000;1647966456.0109887
1146;4.217774868011475;586752000;1647966465.8773713
1147;4.350764274597168;587264000;1647966475.9166663
1148;4.203263282775879;587776000;1647966485.9718869
1149;4.216055870056152;588288000;1647966495.984999
1150;4.223074913024902;588800000;1647966512.0699222
1151;4.247576713562012;589312000;1647966522.0904803
1152;4.163427829742432;589824000;1647966532.148666
1153;4.164568901062012;590336000;1647966542.1855035
1154;4.158451557159424;590848000;1647966552.2268155
1155;4.199491500854492;591360000;1647966562.3915782
1156;4.146222114562988;591872000;1647966572.4011016
1157;4.1388349533081055;592384000;1647966582.429656
1158;4.170948028564453;592896000;1647966592.4183807
1159;4.100672721862793;593408000;1647966602.4506803
1160;4.136857509613037;593920000;1647966612.4712367
1161;4.1181793212890625;594432000;1647966622.5854824
1162;4.090325832366943;594944000;1647966632.5638669
1163;4.158285140991211;595456000;1647966642.5810215
1164;4.187055587768555;595968000;1647966652.6179228
1165;4.251991271972656;596480000;1647966662.868204
1166;4.1432905197143555;596992000;1647966672.935416
1167;4.086296081542969;597504000;1647966682.8295238
1168;4.153616428375244;598016000;1647966692.8703694
1169;4.199233531951904;598528000;1647966702.9453735
1170;4.199734210968018;599040000;1647966712.9571369
1171;4.158888339996338;599552000;1647966722.9836907
1172;4.1793107986450195;600064000;1647966732.9982667
1173;4.113394260406494;600576000;1647966743.0737615
1174;4.082043647766113;601088000;1647966753.1625648
1175;4.15839958190918;601600000;1647966763.2167745
1176;4.153285026550293;602112000;1647966773.2237928
1177;4.153613090515137;602624000;1647966783.2838979
1178;4.242388725280762;603136000;1647966793.3215425
1179;4.183493137359619;603648000;1647966803.3563802
1180;4.180336952209473;604160000;1647966813.366761
1181;4.189370155334473;604672000;1647966823.441059
1182;4.140232563018799;605184000;1647966833.5136378
1183;4.1327223777771;605696000;1647966843.5688825
1184;4.199270248413086;606208000;1647966853.6214175
1185;4.144781112670898;606720000;1647966863.6798944
1186;4.192363262176514;607232000;1647966873.6991775
1187;4.1330060958862305;607744000;1647966883.757454
1188;4.124512672424316;608256000;1647966893.82253
1189;4.125715732574463;608768000;1647966903.893758
1190;4.1356024742126465;609280000;1647966913.9511545
1191;4.1931304931640625;609792000;1647966924.0200922
1192;4.144031524658203;610304000;1647966934.05632
1193;4.146185874938965;610816000;1647966944.0683203
1194;4.156649589538574;611328000;1647966953.5515594
1195;4.168244361877441;611840000;1647966960.4484036
1196;4.216878414154053;612352000;1647966970.0159974
1197;4.233679294586182;612864000;1647966980.0354583
1198;4.269082069396973;613376000;1647966990.1134517
1199;4.181652545928955;613888000;1647967000.115123
1200;4.153250694274902;614400000;1647967016.4556754
1201;4.1552629470825195;614912000;1647967026.4827807
1202;4.245515823364258;615424000;1647967036.4925
1203;4.23295783996582;615936000;1647967046.5594847
1204;4.269915580749512;616448000;1647967056.6303082
1205;4.262866020202637;616960000;1647967066.6679773
1206;4.2746429443359375;617472000;1647967076.647456
1207;4.227541923522949;617984000;1647967086.708541
1208;4.1422882080078125;618496000;1647967096.7473583
1209;4.16070556640625;619008000;1647967106.7860112
1210;4.212612152099609;619520000;1647967116.8202739
1211;4.170144081115723;620032000;1647967126.8661153
1212;4.206304550170898;620544000;1647967136.9186478
1213;4.1769022941589355;621056000;1647967146.9823456
1214;4.155996322631836;621568000;1647967157.0245047
1215;4.164668560028076;622080000;1647967167.101852
1216;4.261776447296143;622592000;1647967177.162387
1217;4.24516487121582;623104000;1647967187.2019792
1218;4.192573547363281;623616000;1647967197.2701185
1219;4.252946853637695;624128000;1647967207.278663
1220;4.23297119140625;624640000;1647967217.357565
1221;4.252797603607178;625152000;1647967227.3959355
1222;4.31661319732666;625664000;1647967237.458261
1223;4.253119468688965;626176000;1647967247.532221
1224;4.225890159606934;626688000;1647967257.6090817
1225;4.227738380432129;627200000;1647967267.6749246
1226;4.236224174499512;627712000;1647967277.6949646
1227;4.18184757232666;628224000;1647967287.7648273
1228;4.239755153656006;628736000;1647967297.8265104
1229;4.220405578613281;629248000;1647967307.8933067
1230;4.224634647369385;629760000;1647967317.958908
1231;4.1694560050964355;630272000;1647967327.992172
1232;4.189619064331055;630784000;1647967338.0435252
1233;4.133858680725098;631296000;1647967348.0905147
1234;4.176083564758301;631808000;1647967358.1545088
1235;4.2274346351623535;632320000;1647967368.210486
1236;4.306356906890869;632832000;1647967378.2640848
1237;4.177422523498535;633344000;1647967388.3200774
1238;4.199014186859131;633856000;1647967398.342138
1239;4.2067718505859375;634368000;1647967408.4109888
1240;4.23802375793457;634880000;1647967418.4704468
1241;4.217596530914307;635392000;1647967428.5274994
1242;4.181510925292969;635904000;1647967438.5641603
1243;4.194596290588379;636416000;1647967448.6405005
1244;4.207475662231445;636928000;1647967458.5653048
1245;4.115987777709961;637440000;1647967465.247446
1246;4.103377342224121;637952000;1647967474.5884352
1247;4.237029552459717;638464000;1647967484.5866032
1248;4.2856340408325195;638976000;1647967494.630843
1249;4.255949974060059;639488000;1647967504.197629
1250;4.160181045532227;640000000;1647967521.0157297
1251;4.148096561431885;640512000;1647967531.1624048
1252;4.167792320251465;641024000;1647967541.2035918
1253;4.145102500915527;641536000;1647967551.2159467
1254;4.113463401794434;642048000;1647967561.171188
1255;4.169339179992676;642560000;1647967571.2279422
1256;4.0916547775268555;643072000;1647967581.2607052
1257;4.151352882385254;643584000;1647967591.3396852
1258;4.129376411437988;644096000;1647967601.409656
1259;4.098254203796387;644608000;1647967611.4660473
1260;4.169437885284424;645120000;1647967621.5255592
1261;4.13482666015625;645632000;1647967631.5738862
1262;4.149864196777344;646144000;1647967641.6359112
1263;4.1295318603515625;646656000;1647967651.6669648
1264;4.1767072677612305;647168000;1647967661.6915627
1265;4.1019287109375;647680000;1647967671.7191734
1266;4.166940689086914;648192000;1647967681.7511668
1267;4.219560623168945;648704000;1647967691.772848
1268;4.124444007873535;649216000;1647967701.8031507
1269;4.22782564163208;649728000;1647967711.829795
1270;4.1458845138549805;650240000;1647967721.7927637
1271;4.261081218719482;650752000;1647967731.95351
1272;4.243799686431885;651264000;1647967741.988922
1273;4.223135471343994;651776000;1647967751.9813364
1274;4.235523223876953;652288000;1647967761.972506
1275;4.257540225982666;652800000;1647967771.9600272
1276;4.225314140319824;653312000;1647967781.9821208
1277;4.185606002807617;653824000;1647967791.9988286
1278;4.179655075073242;654336000;1647967802.0630915
1279;4.233978271484375;654848000;1647967812.1312582
1280;4.136307239532471;655360000;1647967822.2051907
1281;4.164682388305664;655872000;1647967832.259419
1282;4.137765407562256;656384000;1647967842.2997391
1283;4.1993608474731445;656896000;1647967852.3513863
1284;4.268032073974609;657408000;1647967862.4016874
1285;4.1872968673706055;657920000;1647967872.468474
1286;4.115494728088379;658432000;1647967882.5279243
1287;4.109748363494873;658944000;1647967892.5509884
1288;4.153444290161133;659456000;1647967902.5378258
1289;4.130269527435303;659968000;1647967912.570099
1290;4.125979900360107;660480000;1647967922.5957153
1291;4.104048728942871;660992000;1647967932.677144
1292;4.077474594116211;661504000;1647967942.7413275
1293;4.170642852783203;662016000;1647967952.7810225
1294;4.209595680236816;662528000;1647967962.847099
1295;4.215601921081543;663040000;1647967970.5851572
1296;4.142036437988281;663552000;1647967979.432132
1297;4.138123035430908;664064000;1647967989.4358144
1298;4.135349273681641;664576000;1647967999.3658748
1299;4.162492275238037;665088000;1647968008.3474822
1300;4.151919841766357;665600000;1647968025.9804223
1301;4.198171615600586;666112000;1647968035.9523075
1302;4.103885650634766;666624000;1647968046.0006235
1303;4.189621925354004;667136000;1647968056.0765328
1304;4.188755035400391;667648000;1647968066.0869095
1305;4.15476131439209;668160000;1647968076.1613917
1306;4.146446704864502;668672000;1647968086.2332146
1307;4.097426891326904;669184000;1647968096.2921116
1308;4.1041579246521;669696000;1647968106.3624196
1309;4.106658458709717;670208000;1647968116.411842
1310;4.148972511291504;670720000;1647968126.472484
1311;4.177297115325928;671232000;1647968136.5263803
1312;4.157341003417969;671744000;1647968146.5934358
1313;4.187508583068848;672256000;1647968156.6558092
1314;4.134627819061279;672768000;1647968166.701189
1315;4.144484519958496;673280000;1647968176.745119
1316;4.203646659851074;673792000;1647968186.8191652
1317;4.190156936645508;674304000;1647968196.8770988
1318;4.156502723693848;674816000;1647968206.9250717
1319;4.08566951751709;675328000;1647968216.9719443
1320;4.188555717468262;675840000;1647968226.9916878
1321;4.125608921051025;676352000;1647968237.034709
1322;4.134843826293945;676864000;1647968247.1052744
1323;4.14598274230957;677376000;1647968257.1435637
1324;4.111149311065674;677888000;1647968267.1083527
1325;4.157110214233398;678400000;1647968277.0559165
1326;4.144052028656006;678912000;1647968287.1048868
1327;4.141736030578613;679424000;1647968297.1842234
1328;4.199017524719238;679936000;1647968307.2424753
1329;4.132915496826172;680448000;1647968317.2796426
1330;4.1001973152160645;680960000;1647968327.3570445
1331;4.196173191070557;681472000;1647968337.4173007
1332;4.131844520568848;681984000;1647968347.4784787
1333;4.151602745056152;682496000;1647968357.5465133
1334;4.135883331298828;683008000;1647968367.6133442
1335;4.163376808166504;683520000;1647968377.8354766
1336;4.156379699707031;684032000;1647968387.9088874
1337;4.169770240783691;684544000;1647968397.9774733
1338;4.2053303718566895;685056000;1647968408.040181
1339;4.14430046081543;685568000;1647968418.1017623
1340;4.130593776702881;686080000;1647968428.1581903
1341;4.085274696350098;686592000;1647968438.2236927
1342;4.16099739074707;687104000;1647968448.2826703
1343;4.110483646392822;687616000;1647968458.3413785
1344;4.104560852050781;688128000;1647968468.4071543
1345;4.116719722747803;688640000;1647968476.140258
1346;4.149628639221191;689152000;1647968484.5265322
1347;4.155590534210205;689664000;1647968494.602918
1348;4.224674224853516;690176000;1647968504.5851426
1349;4.142609596252441;690688000;1647968513.1931355
1350;4.155529975891113;691200000;1647968530.9255204
1351;4.167212963104248;691712000;1647968540.9250581
1352;4.218867778778076;692224000;1647968551.007446
1353;4.231879234313965;692736000;1647968561.0821497
1354;4.198575496673584;693248000;1647968571.1377351
1355;4.1402974128723145;693760000;1647968581.1832683
1356;4.188753604888916;694272000;1647968591.2092986
1357;4.173034191131592;694784000;1647968601.3834355
1358;4.197197914123535;695296000;1647968611.424977
1359;4.175397872924805;695808000;1647968621.486399
1360;4.135701656341553;696320000;1647968631.532884
1361;4.130655288696289;696832000;1647968641.5902598
1362;4.149172782897949;697344000;1647968651.6535873
1363;4.153293609619141;697856000;1647968661.7357304
1364;4.201882362365723;698368000;1647968671.777008
1365;4.188630104064941;698880000;1647968681.8157818
1366;4.2100114822387695;699392000;1647968691.8640685
1367;4.256319046020508;699904000;1647968701.9316182
1368;4.148244857788086;700416000;1647968711.977401
1369;4.146964073181152;700928000;1647968722.0304382
1370;4.134581089019775;701440000;1647968732.0848467
1371;4.157930374145508;701952000;1647968742.1536992
1372;4.1316423416137695;702464000;1647968752.1994708
1373;4.198385238647461;702976000;1647968762.264042
1374;4.20018196105957;703488000;1647968772.3020933
1375;4.144150733947754;704000000;1647968782.3621347
1376;4.092971324920654;704512000;1647968792.415306
1377;4.081921577453613;705024000;1647968802.4980843
1378;4.143993377685547;705536000;1647968812.6385052
1379;4.181405067443848;706048000;1647968823.0139217
1380;4.147830963134766;706560000;1647968833.4024522
1381;4.14730978012085;707072000;1647968843.42636
1382;4.218475818634033;707584000;1647968853.44289
1383;4.126076698303223;708096000;1647968863.4924483
1384;4.110669136047363;708608000;1647968873.5473933
1385;4.124743938446045;709120000;1647968883.616304
1386;4.148613929748535;709632000;1647968893.69348
1387;4.1378374099731445;710144000;1647968903.7579432
1388;4.191615104675293;710656000;1647968913.8106785
1389;4.2413411140441895;711168000;1647968923.8664184
1390;4.186019420623779;711680000;1647968933.9329243
1391;4.1553850173950195;712192000;1647968943.9981241
1392;4.142507553100586;712704000;1647968954.0592806
1393;4.112482070922852;713216000;1647968964.0695016
1394;4.210691928863525;713728000;1647968974.086599
1395;4.145719051361084;714240000;1647968981.7261963
1396;4.18961238861084;714752000;1647968990.6443663
1397;4.076168060302734;715264000;1647969000.7149515
1398;4.111978054046631;715776000;1647969010.566839
1399;4.118806838989258;716288000;1647969019.0415742
1400;4.0981597900390625;716800000;1647969037.129711
1401;4.108569145202637;717312000;1647969047.1896498
1402;4.158510208129883;717824000;1647969057.241182
1403;4.111029148101807;718336000;1647969067.2805936
1404;4.129704475402832;718848000;1647969077.3085744
1405;4.128940582275391;719360000;1647969087.3592293
1406;4.11447811126709;719872000;1647969097.4267244
1407;4.073439598083496;720384000;1647969107.4907067
1408;4.093532562255859;720896000;1647969117.5638273
1409;4.115167140960693;721408000;1647969127.6213236
1410;4.070243835449219;721920000;1647969137.682962
1411;4.044510841369629;722432000;1647969147.749679
1412;4.059089660644531;722944000;1647969157.7821732
1413;4.165190696716309;723456000;1647969167.9335175
1414;4.128818035125732;723968000;1647969177.987998
1415;4.118900299072266;724480000;1647969188.055752
1416;4.105010986328125;724992000;1647969198.129118
1417;4.137537956237793;725504000;1647969208.1821191
1418;4.146829128265381;726016000;1647969218.2331686
1419;4.144779205322266;726528000;1647969228.2932353
1420;4.164870738983154;727040000;1647969238.3487334
1421;4.188706874847412;727552000;1647969248.3737822
1422;4.197100639343262;728064000;1647969258.4186394
1423;4.207263946533203;728576000;1647969268.4749784
1424;4.174159526824951;729088000;1647969278.526591
1425;4.190262794494629;729600000;1647969288.5742683
1426;4.178789138793945;730112000;1647969298.643155
1427;4.129448890686035;730624000;1647969308.8822489
1428;4.201541423797607;731136000;1647969319.0734317
1429;4.162315368652344;731648000;1647969329.1989903
1430;4.166567802429199;732160000;1647969339.5472229
1431;4.070801734924316;732672000;1647969349.7539997
1432;4.076352119445801;733184000;1647969360.017891
1433;4.113701820373535;733696000;1647969370.239163
1434;4.098662853240967;734208000;1647969380.305202
1435;4.133849620819092;734720000;1647969390.353554
1436;4.11845588684082;735232000;1647969400.5455258
1437;4.098058700561523;735744000;1647969410.6067615
1438;4.120126724243164;736256000;1647969420.8251514
1439;4.1923041343688965;736768000;1647969431.372787
1440;4.099294662475586;737280000;1647969441.559822
1441;4.082010269165039;737792000;1647969451.5196548
1442;4.07570743560791;738304000;1647969461.540752
1443;4.1297760009765625;738816000;1647969471.517997
1444;4.1507158279418945;739328000;1647969481.4498463
1445;4.176238536834717;739840000;1647969488.119084
1446;4.105700969696045;740352000;1647969497.406358
1447;4.09605073928833;740864000;1647969507.4824219
1448;4.118930816650391;741376000;1647969516.730925
1449;4.1013383865356445;741888000;1647969526.0533392
1450;4.062277317047119;742400000;1647969543.4767115
1451;4.1197896003723145;742912000;1647969553.5030828
1452;4.107709884643555;743424000;1647969563.5430312
1453;4.106749534606934;743936000;1647969573.583074
1454;4.105151653289795;744448000;1647969583.5707116
1455;4.185226917266846;744960000;1647969593.540777
1456;4.168321132659912;745472000;1647969603.5996926
1457;4.0868425369262695;745984000;1647969613.6667655
1458;4.09250545501709;746496000;1647969623.8622777
1459;4.1546101570129395;747008000;1647969633.932857
1460;4.183955192565918;747520000;1647969644.1758676
1461;4.099968433380127;748032000;1647969654.2447116
1462;4.129545211791992;748544000;1647969664.3182964
1463;4.211361885070801;749056000;1647969674.3814685
1464;4.176274299621582;749568000;1647969684.4234219
1465;4.1042680740356445;750080000;1647969694.475451
1466;4.110004425048828;750592000;1647969704.6831474
1467;4.127994060516357;751104000;1647969714.865798
1468;4.127872943878174;751616000;1647969725.0903277
1469;4.132104396820068;752128000;1647969735.296559
1470;4.1286115646362305;752640000;1647969745.4964473
1471;4.123666286468506;753152000;1647969755.591007
1472;4.135533332824707;753664000;1647969765.769128
1473;4.166705131530762;754176000;1647969775.8090026
1474;4.174395561218262;754688000;1647969785.8656297
1475;4.2303924560546875;755200000;1647969795.9221637
1476;4.1541337966918945;755712000;1647969805.9528365
1477;4.252318382263184;756224000;1647969816.0039299
1478;4.1840105056762695;756736000;1647969826.0583615
1479;4.190126419067383;757248000;1647969836.1190522
1480;4.146265029907227;757760000;1647969846.180866
1481;4.138602256774902;758272000;1647969856.2394018
1482;4.226320266723633;758784000;1647969866.2989347
1483;4.133908271789551;759296000;1647969876.3295162
1484;4.14784049987793;759808000;1647969886.3850904
1485;4.143118381500244;760320000;1647969896.4498396
1486;4.145904064178467;760832000;1647969906.5163255
1487;4.1381683349609375;761344000;1647969916.5723295
1488;4.100598335266113;761856000;1647969926.6270154
1489;4.131387233734131;762368000;1647969936.6898956
1490;4.141904354095459;762880000;1647969946.7173588
1491;4.089808464050293;763392000;1647969956.7841249
1492;4.145978927612305;763904000;1647969966.8374035
1493;4.153383255004883;764416000;1647969976.899809
1494;4.218321323394775;764928000;1647969986.8671916
1495;4.082376003265381;765440000;1647969993.5314965
1496;4.117251396179199;765952000;1647970002.8879268
1497;4.116236209869385;766464000;1647970012.9414732
1498;4.099163055419922;766976000;1647970021.8420699
1499;4.127799034118652;767488000;1647970031.3595228
1500;4.127036094665527;768000000;1647970048.773108
1501;4.160325050354004;768512000;1647970058.919726
1502;4.099255084991455;769024000;1647970068.883821
1503;4.084946155548096;769536000;1647970078.8472452
1504;4.171833038330078;770048000;1647970088.8474016
1505;4.138776779174805;770560000;1647970098.825508
1506;4.126112461090088;771072000;1647970108.8538918
1507;4.143587112426758;771584000;1647970118.9288712
1508;4.138044357299805;772096000;1647970128.9519808
1509;4.1304473876953125;772608000;1647970139.0287511
1510;4.075753211975098;773120000;1647970149.1051066
1511;4.1300201416015625;773632000;1647970159.0948863
1512;4.082419395446777;774144000;1647970169.0890412
1513;4.119956970214844;774656000;1647970179.1514165
1514;4.103265285491943;775168000;1647970189.1631544
1515;4.135782241821289;775680000;1647970199.1913056
1516;4.115554332733154;776192000;1647970209.2289615
1517;4.10852575302124;776704000;1647970219.2290018
1518;4.180282115936279;777216000;1647970229.2322936
1519;4.118640422821045;777728000;1647970239.2785656
1520;4.1447954177856445;778240000;1647970249.317908
1521;4.116757392883301;778752000;1647970259.3576717
1522;4.1047868728637695;779264000;1647970269.4200356
1523;4.125371932983398;779776000;1647970279.4917526
1524;4.1625566482543945;780288000;1647970289.5739172
1525;4.12656831741333;780800000;1647970299.6350148
1526;4.197209358215332;781312000;1647970309.6910307
1527;4.167793273925781;781824000;1647970319.745233
1528;4.1333136558532715;782336000;1647970329.93428
1529;4.146679401397705;782848000;1647970340.0095873
1530;4.16519021987915;783360000;1647970350.0735478
1531;4.105598449707031;783872000;1647970360.1446486
1532;4.138001441955566;784384000;1647970370.2151334
1533;4.085873126983643;784896000;1647970380.2830846
1534;4.144463062286377;785408000;1647970390.3572266
1535;4.113167762756348;785920000;1647970400.3510635
1536;4.171306610107422;786432000;1647970410.397127
1537;4.1244659423828125;786944000;1647970420.364487
1538;4.150440216064453;787456000;1647970430.1994684
1539;4.1799821853637695;787968000;1647970440.1598144
1540;4.137022972106934;788480000;1647970450.1147711
1541;4.144449710845947;788992000;1647970460.1000924
1542;4.173069953918457;789504000;1647970470.0918279
1543;4.1764936447143555;790016000;1647970480.0139623
1544;4.132343292236328;790528000;1647970489.9419742
1545;4.140241622924805;791040000;1647970497.7444348
1546;4.135736465454102;791552000;1647970505.6489224
1547;4.154141902923584;792064000;1647970515.7029283
1548;4.201436996459961;792576000;1647970524.2570062
1549;4.185153484344482;793088000;1647970533.6637354
1550;4.147332191467285;793600000;1647970551.3929622
1551;4.131007194519043;794112000;1647970561.0885224
1552;4.185909271240234;794624000;1647970571.1612093
1553;4.109587669372559;795136000;1647970581.235503
1554;4.153469562530518;795648000;1647970591.2953267
1555;4.129048824310303;796160000;1647970601.3520408
1556;4.139826774597168;796672000;1647970611.4115143
1557;4.092841148376465;797184000;1647970621.4742064
1558;4.178834438323975;797696000;1647970631.5372937
1559;4.150168418884277;798208000;1647970641.592889
1560;4.1563029289245605;798720000;1647970651.65405
1561;4.120823860168457;799232000;1647970661.711974
1562;4.172563076019287;799744000;1647970671.7465413
1563;4.1016082763671875;800256000;1647970681.7853878
1564;4.162847995758057;800768000;1647970691.8471816
1565;4.12374210357666;801280000;1647970701.8780808
1566;4.101476669311523;801792000;1647970711.9376943
1567;4.117153167724609;802304000;1647970722.0045502
1568;4.157857894897461;802816000;1647970732.0757556
1569;4.102660179138184;803328000;1647970742.136046
1570;4.089088439941406;803840000;1647970752.1958683
1571;4.09601354598999;804352000;1647970762.2672508
1572;4.11127233505249;804864000;1647970772.3207908
1573;4.0806884765625;805376000;1647970782.3729162
1574;4.065862655639648;805888000;1647970792.4324522
1575;4.069993495941162;806400000;1647970802.4826725
1576;4.155909061431885;806912000;1647970812.520749
1577;4.1421356201171875;807424000;1647970822.5472283
1578;4.178870677947998;807936000;1647970832.5840116
1579;4.1435227394104;808448000;1647970842.6122627
1580;4.154960632324219;808960000;1647970852.6474419
1581;4.129552364349365;809472000;1647970862.643745
1582;4.13980770111084;809984000;1647970872.6605506
1583;4.135357856750488;810496000;1647970882.627088
1584;4.141964912414551;811008000;1647970892.6284323
1585;4.1111249923706055;811520000;1647970902.6088183
1586;4.186092376708984;812032000;1647970912.5982497
1587;4.130390167236328;812544000;1647970922.5843742
1588;4.142289161682129;813056000;1647970932.56607
1589;4.134475231170654;813568000;1647970942.5533543
1590;4.129904270172119;814080000;1647970952.5797675
1591;4.169110298156738;814592000;1647970962.49576
1592;4.148960113525391;815104000;1647970972.4516916
1593;4.144761562347412;815616000;1647970982.4699612
1594;4.185053825378418;816128000;1647970992.4466329
1595;4.119004726409912;816640000;1647971001.1374726
1596;4.130988121032715;817152000;1647971008.5625336
1597;4.130147933959961;817664000;1647971018.6317663
1598;4.064145088195801;818176000;1647971028.349396
1599;4.164209365844727;818688000;1647971037.2407684
1600;4.340506076812744;819200000;1647971055.5920587
1601;4.199295997619629;819712000;1647971065.3790708
1602;4.152473449707031;820224000;1647971075.4250689
1603;4.097176551818848;820736000;1647971085.4768188
1604;4.106416702270508;821248000;1647971095.5350947
1605;4.1219282150268555;821760000;1647971105.607079
1606;4.076250076293945;822272000;1647971115.671555
1607;4.109156608581543;822784000;1647971125.733004
1608;4.107610702514648;823296000;1647971135.7051342
1609;4.123470306396484;823808000;1647971145.692686
1610;4.145194053649902;824320000;1647971155.7226923
1611;4.177709102630615;824832000;1647971165.763836
1612;4.18662691116333;825344000;1647971175.8304267
1613;4.158786773681641;825856000;1647971185.885502
1614;4.186143398284912;826368000;1647971195.9617028
1615;4.1076507568359375;826880000;1647971206.018327
1616;4.127786636352539;827392000;1647971216.0643206
1617;4.131457805633545;827904000;1647971226.1283717
1618;4.1185503005981445;828416000;1647971236.193003
1619;4.124530792236328;828928000;1647971246.2532024
1620;4.177899360656738;829440000;1647971256.3235254
1621;4.189981937408447;829952000;1647971266.3880675
1622;4.119071960449219;830464000;1647971276.4394057
1623;4.0973920822143555;830976000;1647971286.5119326
1624;4.186203479766846;831488000;1647971296.5667033
1625;4.123261451721191;832000000;1647971306.6276646
1626;4.172855377197266;832512000;1647971316.7077894
1627;4.151139736175537;833024000;1647971326.7649055
1628;4.169066429138184;833536000;1647971336.8189108
1629;4.10941743850708;834048000;1647971346.8491304
1630;4.133553504943848;834560000;1647971356.9258082
1631;4.2168755531311035;835072000;1647971367.003261
1632;4.161698341369629;835584000;1647971377.0784373
1633;4.136993885040283;836096000;1647971387.1452408
1634;4.129106044769287;836608000;1647971397.2143784
1635;4.107047080993652;837120000;1647971407.2802627
1636;4.1187920570373535;837632000;1647971417.3561451
1637;4.122194290161133;838144000;1647971427.326677
1638;4.104143142700195;838656000;1647971437.324874
1639;4.111155033111572;839168000;1647971447.3600914
1640;4.132584571838379;839680000;1647971457.4080791
1641;4.12935733795166;840192000;1647971467.4799602
1642;4.1306915283203125;840704000;1647971477.5202987
1643;4.089841842651367;841216000;1647971487.5905945
1644;4.09223747253418;841728000;1647971497.630063
1645;4.130793571472168;842240000;1647971506.3050191
1646;4.109246730804443;842752000;1647971513.1627529
1647;4.15657901763916;843264000;1647971523.2026815
1648;4.122570991516113;843776000;1647971532.3415356
1649;4.073570251464844;844288000;1647971541.458732
1650;4.153101921081543;844800000;1647971559.5832849
1651;4.115034103393555;845312000;1647971569.0682542
1652;4.172947883605957;845824000;1647971579.1169374
1653;4.158725738525391;846336000;1647971589.145414
1654;4.154297828674316;846848000;1647971599.13322
1655;4.096871376037598;847360000;1647971609.1276374
1656;4.050442695617676;847872000;1647971619.0797129
1657;4.102577209472656;848384000;1647971629.0514674
1658;4.072818756103516;848896000;1647971639.0202763
1659;4.111697196960449;849408000;1647971649.0532866
1660;4.0740275382995605;849920000;1647971659.1139157
1661;4.201587677001953;850432000;1647971669.1671705
1662;4.142308235168457;850944000;1647971679.220504
1663;4.119029521942139;851456000;1647971689.2723422
1664;4.085831642150879;851968000;1647971699.3359463
1665;4.108142852783203;852480000;1647971709.3933158
1666;4.155521392822266;852992000;1647971719.4458354
1667;4.2066650390625;853504000;1647971729.5081346
1668;4.135153770446777;854016000;1647971739.5682948
1669;4.231611728668213;854528000;1647971749.6296537
1670;4.212980270385742;855040000;1647971759.6711643
1671;4.2186479568481445;855552000;1647971769.719805
1672;4.188940048217773;856064000;1647971779.7431684
1673;4.120022773742676;856576000;1647971789.8060026
1674;4.08537483215332;857088000;1647971799.8660603
1675;4.176450729370117;857600000;1647971809.933293
1676;4.147302627563477;858112000;1647971819.9930665
1677;4.107606887817383;858624000;1647971830.0348835
1678;4.100074768066406;859136000;1647971840.0883458
1679;4.089029312133789;859648000;1647971850.1562629
1680;4.113641738891602;860160000;1647971860.143898
1681;4.153812885284424;860672000;1647971870.1687016
1682;4.161246299743652;861184000;1647971880.121877
1683;4.11422061920166;861696000;1647971890.15184
1684;4.123756408691406;862208000;1647971900.2106993
1685;4.039876461029053;862720000;1647971910.2468467
1686;4.103304862976074;863232000;1647971920.316642
1687;4.161773681640625;863744000;1647971930.3565433
1688;4.0809431076049805;864256000;1647971940.4281392
1689;4.103063583374023;864768000;1647971950.428787
1690;4.0892333984375;865280000;1647971960.392895
1691;4.095978260040283;865792000;1647971970.3440502
1692;4.092368125915527;866304000;1647971980.2912004
1693;4.107266902923584;866816000;1647971990.2762132
1694;4.104132652282715;867328000;1647972000.1928988
1695;4.102007865905762;867840000;1647972009.6307106
1696;4.120931625366211;868352000;1647972016.7322521
1697;4.075002670288086;868864000;1647972026.3538604
1698;4.104548454284668;869376000;1647972035.3691494
1699;4.1208906173706055;869888000;1647972044.9094927
1700;4.107061386108398;870400000;1647972062.7958193
1701;4.119228363037109;870912000;1647972071.4179342
1702;4.162311553955078;871424000;1647972081.470545
1703;4.232913970947266;871936000;1647972091.5262854
1704;4.121729850769043;872448000;1647972101.5943975
1705;4.13264799118042;872960000;1647972111.6463923
1706;4.106745719909668;873472000;1647972121.7031696
1707;4.073424339294434;873984000;1647972131.7617078
1708;4.082386016845703;874496000;1647972141.8135219
1709;4.1062469482421875;875008000;1647972151.885376
1710;4.119955062866211;875520000;1647972161.968817
1711;4.074105739593506;876032000;1647972172.0258646
1712;4.079971790313721;876544000;1647972182.0832176
1713;4.082023620605469;877056000;1647972192.1415749
1714;4.098351955413818;877568000;1647972202.1826205
1715;4.10816764831543;878080000;1647972212.2049854
1716;4.1124725341796875;878592000;1647972222.262274
1717;4.061777591705322;879104000;1647972232.3332202
1718;4.085705757141113;879616000;1647972242.3670104
1719;4.105530738830566;880128000;1647972252.3802814
1720;4.092224597930908;880640000;1647972262.3603287
1721;4.07058048248291;881152000;1647972272.4096313
1722;4.076434135437012;881664000;1647972282.4549034
1723;4.087998390197754;882176000;1647972292.5072145
1724;4.098594665527344;882688000;1647972302.5701272
1725;4.068472862243652;883200000;1647972312.630644
1726;4.113800525665283;883712000;1647972322.68344
1727;4.099808692932129;884224000;1647972332.732718
1728;4.138238906860352;884736000;1647972342.7955003
1729;4.124563217163086;885248000;1647972353.0104241
1730;4.094031810760498;885760000;1647972363.0778337
1731;4.119636535644531;886272000;1647972373.1397288
1732;4.211215972900391;886784000;1647972383.1821945
1733;4.206641674041748;887296000;1647972393.2040226
1734;4.121443271636963;887808000;1647972403.2616792
1735;4.07313346862793;888320000;1647972413.3167748
1736;4.1085615158081055;888832000;1647972423.3806148
1737;4.118857383728027;889344000;1647972433.44912
1738;4.10710334777832;889856000;1647972443.5200138
1739;4.137022018432617;890368000;1647972453.58282
1740;4.145611763000488;890880000;1647972463.6446588
1741;4.239352226257324;891392000;1647972473.700481
1742;4.248198986053467;891904000;1647972483.753089
1743;4.18477725982666;892416000;1647972493.7644465
1744;4.232413291931152;892928000;1647972503.8161995
1745;4.150661945343018;893440000;1647972513.6692924
1746;4.1443071365356445;893952000;1647972521.1599946
1747;4.097329139709473;894464000;1647972530.1944926
1748;4.1082563400268555;894976000;1647972539.131976
1749;4.075039863586426;895488000;1647972548.4487696
1750;4.117356300354004;896000000;1647972566.78506
1751;4.132109642028809;896512000;1647972575.748424
1752;4.250681400299072;897024000;1647972585.803377
1753;4.204775810241699;897536000;1647972595.8524685
1754;4.23684549331665;898048000;1647972605.8759146
1755;4.099688529968262;898560000;1647972615.8711338
1756;4.15108060836792;899072000;1647972625.872237
1757;4.106854438781738;899584000;1647972635.9145494
1758;4.098635673522949;900096000;1647972645.9797072
1759;4.103921890258789;900608000;1647972656.0405104
1760;4.141029357910156;901120000;1647972666.090941
1761;4.166792869567871;901632000;1647972676.143132
1762;4.255237579345703;902144000;1647972686.1822047
1763;4.160581111907959;902656000;1647972696.2253113
1764;4.147810935974121;903168000;1647972706.417843
1765;4.162872314453125;903680000;1647972716.47765
1766;4.1523542404174805;904192000;1647972726.5337522
1767;4.157228469848633;904704000;1647972736.5315042
1768;4.143868446350098;905216000;1647972746.4828966
1769;4.117127418518066;905728000;1647972756.4552581
1770;4.064406394958496;906240000;1647972766.4159908
1771;4.190823554992676;906752000;1647972776.4221091
1772;4.093324661254883;907264000;1647972786.4929569
1773;4.201718807220459;907776000;1647972796.5591764
1774;4.130851745605469;908288000;1647972806.6174834
1775;4.089947700500488;908800000;1647972816.669967
1776;4.076009750366211;909312000;1647972826.715207
1777;4.104644298553467;909824000;1647972836.7652748
1778;4.081456184387207;910336000;1647972846.821238
1779;4.1655731201171875;910848000;1647972856.883039
1780;4.116029739379883;911360000;1647972866.8963408
1781;4.09317684173584;911872000;1647972876.8763332
1782;4.095404624938965;912384000;1647972886.8819609
1783;4.0773773193359375;912896000;1647972896.83825
1784;4.092894554138184;913408000;1647972906.817254
1785;4.064988136291504;913920000;1647972916.8028805
1786;4.065847396850586;914432000;1647972926.801173
1787;4.091257095336914;914944000;1647972936.800855
1788;4.132920265197754;915456000;1647972946.816447
1789;4.093537330627441;915968000;1647972956.770581
1790;4.110644340515137;916480000;1647972966.7407496
1791;4.05259895324707;916992000;1647972976.723787
1792;4.078409194946289;917504000;1647972986.718909
1793;4.097207069396973;918016000;1647972996.7477443
1794;4.1538543701171875;918528000;1647973006.7643776
1795;4.183831214904785;919040000;1647973016.7140238
1796;4.127340316772461;919552000;1647973024.6478293
1797;4.150191783905029;920064000;1647973033.093238
1798;4.136654376983643;920576000;1647973042.1927545
1799;4.095671653747559;921088000;1647973051.6911044
1800;4.106738567352295;921600000;1647973072.3181372
1801;4.125487804412842;922112000;1647973081.5729241
1802;4.140332221984863;922624000;1647973091.6031835
1803;4.085976600646973;923136000;1647973101.623527
1804;4.097541809082031;923648000;1647973111.6883323
1805;4.084936618804932;924160000;1647973121.7421706
1806;4.16941499710083;924672000;1647973131.702737
1807;4.127501487731934;925184000;1647973141.664394
1808;4.172388076782227;925696000;1647973151.5824618
1809;4.114998817443848;926208000;1647973161.4693666
1810;4.06252908706665;926720000;1647973171.3716996
1811;4.102729320526123;927232000;1647973181.3356934
1812;4.132807731628418;927744000;1647973191.3362007
1813;4.144050598144531;928256000;1647973201.3554742
1814;4.131392002105713;928768000;1647973211.3097515
1815;4.14019775390625;929280000;1647973221.3356516
1816;4.134352684020996;929792000;1647973231.3333375
1817;4.171890735626221;930304000;1647973241.3211105
1818;4.1249308586120605;930816000;1647973251.2997367
1819;4.126646041870117;931328000;1647973261.2958913
1820;4.190469741821289;931840000;1647973271.2377272
1821;4.173644065856934;932352000;1647973281.2549047
1822;4.085367202758789;932864000;1647973291.285597
1823;4.106559753417969;933376000;1647973301.3046782
1824;4.082973003387451;933888000;1647973311.330737
1825;4.0889387130737305;934400000;1647973321.3550298
1826;4.155954360961914;934912000;1647973331.3465567
1827;4.1168341636657715;935424000;1647973341.4021785
1828;4.166345596313477;935936000;1647973351.4628434
1829;4.210394859313965;936448000;1647973361.5203898
1830;4.157814025878906;936960000;1647973371.5872931
1831;4.147604942321777;937472000;1647973381.6482432
1832;4.185288429260254;937984000;1647973391.7068305
1833;4.160789489746094;938496000;1647973401.723809
1834;4.187130451202393;939008000;1647973411.772762
1835;4.118205547332764;939520000;1647973421.8287408
1836;4.138882160186768;940032000;1647973431.8890407
1837;4.126886367797852;940544000;1647973441.9596543
1838;4.153243541717529;941056000;1647973452.0356188
1839;4.132016181945801;941568000;1647973462.0872507
1840;4.140816688537598;942080000;1647973472.1104357
1841;4.118029594421387;942592000;1647973482.1738513
1842;4.110437393188477;943104000;1647973492.226462
1843;4.0947418212890625;943616000;1647973502.2872615
1844;4.118190288543701;944128000;1647973512.3508842
1845;4.182111740112305;944640000;1647973521.642241
1846;4.084673881530762;945152000;1647973530.4607806
1847;4.0959272384643555;945664000;1647973538.9404047
1848;4.072932243347168;946176000;1647973547.5691326
1849;4.158001899719238;946688000;1647973557.8303165
1850;4.1444525718688965;947200000;1647973578.2751443
1851;4.172190189361572;947712000;1647973587.981619
1852;4.0863165855407715;948224000;1647973598.5513628
1853;4.110738754272461;948736000;1647973609.0480995
1854;4.146960258483887;949248000;1647973619.6811562
1855;4.118659973144531;949760000;1647973630.0442848
1856;4.160400390625;950272000;1647973640.380009
1857;4.312387466430664;950784000;1647973650.5408013
1858;4.279175758361816;951296000;1647973660.5767696
1859;4.1165008544921875;951808000;1647973670.6174812
1860;4.210061073303223;952320000;1647973680.665038
1861;4.170365810394287;952832000;1647973690.7156155
1862;4.18332052230835;953344000;1647973700.7061002
1863;4.162097930908203;953856000;1647973710.7228613
1864;4.114899635314941;954368000;1647973720.78877
1865;4.15681791305542;954880000;1647973730.8514676
1866;4.128105163574219;955392000;1647973740.9164517
1867;4.104719161987305;955904000;1647973750.9726334
1868;4.174251556396484;956416000;1647973761.033851
1869;4.103437423706055;956928000;1647973771.0943718
1870;4.122213363647461;957440000;1647973781.1186304
1871;4.115728378295898;957952000;1647973791.1710792
1872;4.0860185623168945;958464000;1647973801.228863
1873;4.13006591796875;958976000;1647973811.2959554
1874;4.136129856109619;959488000;1647973821.3450584
1875;4.070899486541748;960000000;1647973831.4144378
1876;4.095015525817871;960512000;1647973841.4707136
1877;4.067797660827637;961024000;1647973851.5308077
1878;4.125515937805176;961536000;1647973861.545634
1879;4.106776237487793;962048000;1647973871.5985234
1880;4.142293930053711;962560000;1647973881.6621187
1881;4.129539489746094;963072000;1647973891.7203186
1882;4.140826225280762;963584000;1647973901.7958703
1883;4.12872314453125;964096000;1647973911.8633378
1884;4.165690898895264;964608000;1647973921.897002
1885;4.116148471832275;965120000;1647973931.96033
1886;4.150990009307861;965632000;1647973942.044486
1887;4.127429485321045;966144000;1647973952.1077805
1888;4.1525678634643555;966656000;1647973962.1770108
1889;4.172412395477295;967168000;1647973972.2300227
1890;4.114218711853027;967680000;1647973982.2770593
1891;4.110783100128174;968192000;1647973992.333265
1892;4.152497291564941;968704000;1647974002.3986778
1893;4.149236679077148;969216000;1647974012.4477556
1894;4.103297233581543;969728000;1647974022.1407158
1895;4.1270341873168945;970240000;1647974030.940324
1896;4.092045783996582;970752000;1647974039.337806
1897;4.104926109313965;971264000;1647974048.1054945
1898;4.1043853759765625;971776000;1647974057.6961648
1899;4.102541923522949;972288000;1647974067.7707748
1900;4.146531105041504;972800000;1647974085.5840952
1901;4.100050926208496;973312000;1647974095.6275654
1902;4.1119794845581055;973824000;1647974105.6818056
1903;4.098011016845703;974336000;1647974115.583057
1904;4.155010223388672;974848000;1647974125.5847228
1905;4.133053302764893;975360000;1647974135.6606483
1906;4.101763725280762;975872000;1647974145.716629
1907;4.177638053894043;976384000;1647974155.7076125
1908;4.09834623336792;976896000;1647974165.7287815
1909;4.113193988800049;977408000;1647974175.8016403
1910;4.0704827308654785;977920000;1647974185.8663902
1911;4.044951915740967;978432000;1647974195.9162657
1912;4.096930027008057;978944000;1647974205.9614866
1913;4.127101898193359;979456000;1647974215.949986
1914;4.140163421630859;979968000;1647974225.9352102
1915;4.071218490600586;980480000;1647974235.9378967
1916;4.043168067932129;980992000;1647974245.8850176
1917;4.136908531188965;981504000;1647974255.9498491
1918;4.1305437088012695;982016000;1647974266.0091262
1919;4.1316657066345215;982528000;1647974276.077482
1920;4.17936372756958;983040000;1647974286.1276257
1921;4.111570358276367;983552000;1647974296.1197045
1922;4.081595420837402;984064000;1647974306.1614048
1923;4.084895610809326;984576000;1647974316.2169666
1924;4.07030725479126;985088000;1647974326.2719305
1925;4.113292694091797;985600000;1647974336.3379776
1926;4.073702812194824;986112000;1647974346.410884
1927;4.0942792892456055;986624000;1647974356.4678407
1928;4.0772705078125;987136000;1647974366.5253286
1929;4.1674723625183105;987648000;1647974376.5778446
1930;4.087780952453613;988160000;1647974386.6345782
1931;4.092876434326172;988672000;1647974396.6562076
1932;4.133206367492676;989184000;1647974407.0312567
1933;4.140036582946777;989696000;1647974417.0305982
1934;4.14483642578125;990208000;1647974427.0267248
1935;4.1099066734313965;990720000;1647974437.0581102
1936;4.120662689208984;991232000;1647974447.0840175
1937;4.091954231262207;991744000;1647974457.158678
1938;4.159643173217773;992256000;1647974467.2103596
1939;4.129754543304443;992768000;1647974477.262707
1940;4.139461517333984;993280000;1647974487.3157034
1941;4.165943145751953;993792000;1647974497.3593798
1942;4.109792709350586;994304000;1647974507.405841
1943;4.165734767913818;994816000;1647974517.456292
1944;4.11268424987793;995328000;1647974527.2919269
1945;4.102024555206299;995840000;1647974535.8647287
1946;4.063817024230957;996352000;1647974544.2869105
1947;4.0589680671691895;996864000;1647974552.9284194
1948;4.060031414031982;997376000;1647974562.954643
1949;4.111268997192383;997888000;1647974573.015734
1950;4.108224868774414;998400000;1647974590.9636269
1951;4.175177097320557;998912000;1647974600.883449
1952;4.116646766662598;999424000;1647974610.9407823
1953;4.1569695472717285;999936000;1647974620.931482
1954;4.289397239685059;1000448000;1647974630.9260213
1955;4.228400707244873;1000960000;1647974640.9089324
1956;4.174919605255127;1001472000;1647974651.169728
1957;4.132037162780762;1001984000;1647974661.560515
1958;4.130781650543213;1002496000;1647974672.0005097
1959;4.17445182800293;1003008000;1647974682.497531
1960;4.174846649169922;1003520000;1647974692.5444396
1961;4.114557266235352;1004032000;1647974702.596286
1962;4.144590377807617;1004544000;1647974712.5950522
1963;4.050457954406738;1005056000;1647974722.5526147
1964;4.066895484924316;1005568000;1647974732.6428425
1965;4.088681221008301;1006080000;1647974742.6269526
1966;4.079340934753418;1006592000;1647974752.6738098
1967;4.116524696350098;1007104000;1647974762.7307703
1968;4.098593711853027;1007616000;1647974772.7885392
1969;4.1317949295043945;1008128000;1647974782.83883
1970;4.1019134521484375;1008640000;1647974793.0670462
1971;4.181344032287598;1009152000;1647974803.1212735
1972;4.1503424644470215;1009664000;1647974813.1768134
1973;4.115031719207764;1010176000;1647974823.2382388
1974;4.090231895446777;1010688000;1647974833.2820303
1975;4.050139427185059;1011200000;1647974843.3426335
1976;4.121726036071777;1011712000;1647974853.397144
1977;4.174515724182129;1012224000;1647974863.4584606
1978;4.074295520782471;1012736000;1647974873.52048
1979;4.067381858825684;1013248000;1647974883.5791857
1980;4.0850043296813965;1013760000;1647974893.6291497
1981;4.058642864227295;1014272000;1647974903.6853514
1982;4.136234760284424;1014784000;1647974913.7035332
1983;4.110452651977539;1015296000;1647974923.7421987
1984;4.159603118896484;1015808000;1647974933.894922
1985;4.132224082946777;1016320000;1647974944.0650585
1986;4.113263130187988;1016832000;1647974954.0849664
1987;4.1047821044921875;1017344000;1647974964.111929
1988;4.060358047485352;1017856000;1647974974.097535
1989;4.071743965148926;1018368000;1647974984.1483881
1990;4.117889404296875;1018880000;1647974994.1887288
1991;4.16584587097168;1019392000;1647975004.2206264
1992;4.106054782867432;1019904000;1647975014.2262785
1993;4.194260597229004;1020416000;1647975024.301259
1994;4.146791934967041;1020928000;1647975033.443464
1995;4.149094581604004;1021440000;1647975041.5565948
1996;4.142649173736572;1021952000;1647975049.793742
1997;4.18018913269043;1022464000;1647975058.5191677
1998;4.15308952331543;1022976000;1647975068.5680923
1999;4.160521507263184;1023488000;1647975078.6242175
2000;4.139107704162598;1024000000;1647975096.8459044
2001;4.197206020355225;1024512000;1647975106.8919773
2002;4.231598854064941;1025024000;1647975116.9594686
2003;4.146127700805664;1025536000;1647975127.0186296
2004;4.142180442810059;1026048000;1647975137.061256
2005;4.180322647094727;1026560000;1647975147.0866323
2006;4.05757999420166;1027072000;1647975157.1439185
2007;4.099096298217773;1027584000;1647975167.2060397
2008;4.121763229370117;1028096000;1647975177.2607555
2009;4.042819023132324;1028608000;1647975187.2012067
2010;4.138333320617676;1029120000;1647975197.2487504
2011;4.092230796813965;1029632000;1647975207.3153563
2012;4.100644111633301;1030144000;1647975217.386068
2013;4.109872341156006;1030656000;1647975227.4519446
2014;4.118346691131592;1031168000;1647975237.4843504
2015;4.119577407836914;1031680000;1647975247.506984
2016;4.124516010284424;1032192000;1647975257.5352578
2017;4.1311540603637695;1032704000;1647975267.7043421
2018;4.101081371307373;1033216000;1647975277.8867505
2019;4.108177185058594;1033728000;1647975288.09311
2020;4.126824378967285;1034240000;1647975298.3062775
2021;4.1248555183410645;1034752000;1647975308.3477292
2022;4.115115165710449;1035264000;1647975318.3910024
2023;4.118389129638672;1035776000;1647975328.4180367
2024;4.107165336608887;1036288000;1647975338.4722555
2025;4.126880168914795;1036800000;1647975348.4991426
2026;4.136678218841553;1037312000;1647975358.5347435
2027;4.130783557891846;1037824000;1647975368.5317202
2028;4.110825538635254;1038336000;1647975378.5974886
2029;4.106626510620117;1038848000;1647975388.5824502
2030;4.159527778625488;1039360000;1647975398.6218894
2031;4.073302268981934;1039872000;1647975408.6615655
2032;4.104330062866211;1040384000;1647975418.6880934
2033;4.105863571166992;1040896000;1647975428.8033402
2034;4.11766242980957;1041408000;1647975439.1164026
2035;4.156919479370117;1041920000;1647975449.186016
2036;4.186295509338379;1042432000;1647975459.2373242
2037;4.184049606323242;1042944000;1647975469.2700336
2038;4.095676898956299;1043456000;1647975479.2997797
2039;4.059278964996338;1043968000;1647975489.3467236
2040;4.08065128326416;1044480000;1647975499.413568
2041;4.09585428237915;1044992000;1647975509.465128
2042;4.079174041748047;1045504000;1647975519.5276642
2043;4.145315647125244;1046016000;1647975529.5905051
2044;4.137966156005859;1046528000;1647975538.8147461
2045;4.280196666717529;1047040000;1647975547.1971428
2046;4.168849945068359;1047552000;1647975555.8341522
2047;4.149996757507324;1048064000;1647975564.9584684
2048;4.143064022064209;1048576000;1647975574.9953501
2049;4.092318534851074;1049088000;1647975585.0562747
2050;4.130127429962158;1049600000;1647975604.4605198
2051;4.21515417098999;1050112000;1647975614.5986362
2052;4.082013130187988;1050624000;1647975624.6668742
2053;4.095396041870117;1051136000;1647975634.7325492
2054;4.080160617828369;1051648000;1647975644.7777925
2055;4.083288669586182;1052160000;1647975654.8442771
2056;4.07921028137207;1052672000;1647975664.9095232
2057;4.082976341247559;1053184000;1647975674.9875681
2058;4.123628616333008;1053696000;1647975685.00135
2059;4.181168079376221;1054208000;1647975695.0363402
2060;4.073915958404541;1054720000;1647975705.0954988
2061;4.084886074066162;1055232000;1647975715.1295707
2062;4.165456295013428;1055744000;1647975725.1731296
2063;4.212151050567627;1056256000;1647975735.254723
2064;4.16652250289917;1056768000;1647975745.3307455
2065;4.109546661376953;1057280000;1647975755.3906658
2066;4.111534118652344;1057792000;1647975765.4444802
2067;4.143653869628906;1058304000;1647975775.500685
2068;4.165053367614746;1058816000;1647975785.5591116
2069;4.124419689178467;1059328000;1647975795.6184316
2070;4.1350908279418945;1059840000;1647975805.6970809
2071;4.183728218078613;1060352000;1647975815.7644408
2072;4.144489765167236;1060864000;1647975825.8034358
2073;4.143223762512207;1061376000;1647975835.8350816
2074;4.218807220458984;1061888000;1647975845.881745
2075;4.255785942077637;1062400000;1647975855.8913944
2076;4.23838996887207;1062912000;1647975866.099827
2077;4.194151878356934;1063424000;1647975876.1474018
2078;4.171697616577148;1063936000;1647975886.189721
2079;4.132606029510498;1064448000;1647975896.2192326
2080;4.1767988204956055;1064960000;1647975906.2312064
2081;4.120596885681152;1065472000;1647975916.2227318
2082;4.16957426071167;1065984000;1647975926.2121363
2083;4.081297874450684;1066496000;1647975936.2477388
2084;4.092592239379883;1067008000;1647975946.247716
2085;4.108197212219238;1067520000;1647975956.2562275
2086;4.1764044761657715;1068032000;1647975966.284704
2087;4.116038799285889;1068544000;1647975976.2923174
2088;4.119011402130127;1069056000;1647975986.2857618
2089;4.091076374053955;1069568000;1647975996.2869642
2090;4.0837907791137695;1070080000;1647976006.2840698
2091;4.107353210449219;1070592000;1647976016.3349345
2092;4.085491180419922;1071104000;1647976026.3287272
2093;4.1257710456848145;1071616000;1647976036.2832837
2094;4.138211250305176;1072128000;1647976044.8904715
2095;4.10460090637207;1072640000;1647976053.0805402
2096;4.1595659255981445;1073152000;1647976061.5526087
2097;4.07747745513916;1073664000;1647976071.4774277
2098;4.200493335723877;1074176000;1647976081.5472796
2099;4.115065097808838;1074688000;1647976091.6270442
2100;4.145693778991699;1075200000;1647976109.456803
2101;4.092954158782959;1075712000;1647976119.4516966
2102;4.141992568969727;1076224000;1647976129.6389024
2103;4.127775192260742;1076736000;1647976139.7528062
2104;4.151442050933838;1077248000;1647976149.7347507
2105;4.101797103881836;1077760000;1647976159.7558775
2106;4.078880786895752;1078272000;1647976169.7626984
2107;4.102479934692383;1078784000;1647976179.873694
2108;4.127964973449707;1079296000;1647976189.7889767
2109;4.155237197875977;1079808000;1647976199.7293937
2110;4.163880348205566;1080320000;1647976210.1639962
2111;4.197088718414307;1080832000;1647976220.0748022
2112;4.127414703369141;1081344000;1647976230.0706003
2113;4.128871917724609;1081856000;1647976239.993926
2114;4.140415191650391;1082368000;1647976250.10433
2115;4.1646013259887695;1082880000;1647976260.0755289
2116;4.145861625671387;1083392000;1647976270.19861
2117;4.158933639526367;1083904000;1647976280.1899967
2118;4.154114723205566;1084416000;1647976290.2187686
2119;4.115019798278809;1084928000;1647976300.2266731
2120;4.099437713623047;1085440000;1647976310.14842
2121;4.202439308166504;1085952000;1647976320.0614543
2122;4.156942844390869;1086464000;1647976330.039121
2123;4.113130569458008;1086976000;1647976340.1818666
2124;4.119458198547363;1087488000;1647976350.1856585
2125;4.150583267211914;1088000000;1647976360.102566
2126;4.225481033325195;1088512000;1647976370.1146185
2127;4.1558966636657715;1089024000;1647976380.1188703
2128;4.1380295753479;1089536000;1647976390.1382124
2129;4.037898063659668;1090048000;1647976400.1467655
2130;4.131174564361572;1090560000;1647976410.1508262
2131;4.137734413146973;1091072000;1647976420.158811
2132;4.109371185302734;1091584000;1647976430.1369207
2133;4.06326150894165;1092096000;1647976440.1418166
2134;4.099308967590332;1092608000;1647976450.1627498
2135;4.195740222930908;1093120000;1647976460.1643605
2136;4.1261305809021;1093632000;1647976470.227635
2137;4.106762886047363;1094144000;1647976480.2393072
2138;4.090278625488281;1094656000;1647976490.2904255
2139;4.097665309906006;1095168000;1647976500.3497381
2140;4.117005825042725;1095680000;1647976510.4112637
2141;4.087719917297363;1096192000;1647976520.4682574
2142;4.088599681854248;1096704000;1647976530.5266168
2143;4.09138822555542;1097216000;1647976540.2938957
2144;4.123279571533203;1097728000;1647976548.9630527
2145;4.122304439544678;1098240000;1647976557.2674847
2146;4.094892501831055;1098752000;1647976565.6335347
2147;4.124946594238281;1099264000;1647976575.699059
2148;4.082584381103516;1099776000;1647976585.7544692
2149;4.141674041748047;1100288000;1647976595.820964
2150;4.104034423828125;1100800000;1647976613.8694973
2151;4.097190856933594;1101312000;1647976623.9599712
2152;4.10683536529541;1101824000;1647976634.0269747
2153;4.120237827301025;1102336000;1647976644.0605006
2154;4.149859428405762;1102848000;1647976654.111458
2155;4.0929365158081055;1103360000;1647976664.1658974
2156;4.064428329467773;1103872000;1647976674.2196527
2157;4.09949254989624;1104384000;1647976684.279809
2158;4.109173774719238;1104896000;1647976694.331644
2159;4.206667900085449;1105408000;1647976704.3833914
2160;4.16414737701416;1105920000;1647976714.4113371
2161;4.0845513343811035;1106432000;1647976724.4582694
2162;4.167096138000488;1106944000;1647976734.4889963
2163;4.15023136138916;1107456000;1647976744.490189
2164;4.123745918273926;1107968000;1647976754.7235582
2165;4.139913558959961;1108480000;1647976764.6897964
2166;4.1839919090271;1108992000;1647976774.6744227
2167;4.151513576507568;1109504000;1647976784.6739562
2168;4.122745037078857;1110016000;1647976794.6959
2169;4.176459312438965;1110528000;1647976804.7684278
2170;4.168876647949219;1111040000;1647976814.8320348
2171;4.172598361968994;1111552000;1647976824.902892
2172;4.121813774108887;1112064000;1647976834.9372942
2173;4.117683410644531;1112576000;1647976844.9659674
2174;4.181737422943115;1113088000;1647976855.0432627
2175;4.154296875;1113600000;1647976865.0871778
2176;4.147602081298828;1114112000;1647976875.1437104
2177;4.057717323303223;1114624000;1647976885.1899738
2178;4.109162330627441;1115136000;1647976895.2574434
2179;4.134126663208008;1115648000;1647976905.320934
2180;4.104957580566406;1116160000;1647976915.38462
2181;4.1580047607421875;1116672000;1647976925.4491978
2182;4.176270484924316;1117184000;1647976935.507989
2183;4.198163986206055;1117696000;1647976945.5547733
2184;4.167545318603516;1118208000;1647976955.613372
2185;4.246318817138672;1118720000;1647976965.6728833
2186;4.166350364685059;1119232000;1647976975.6951222
2187;4.233104705810547;1119744000;1647976985.7559388
2188;4.199357032775879;1120256000;1647976995.82111
2189;4.1343255043029785;1120768000;1647977005.8764997
2190;4.198338985443115;1121280000;1647977015.9357705
2191;4.205861568450928;1121792000;1647977025.9843035
2192;4.156426429748535;1122304000;1647977036.1687505
2193;4.163812160491943;1122816000;1647977045.5093496
2194;4.149527072906494;1123328000;1647977054.4700778
2195;4.126025676727295;1123840000;1647977062.7434042
2196;4.116230010986328;1124352000;1647977071.2511334
2197;4.09696626663208;1124864000;1647977081.3138657
2198;4.100748538970947;1125376000;1647977091.3864093
2199;4.1185102462768555;1125888000;1647977101.45455
2200;4.131985187530518;1126400000;1647977119.5113473
2201;4.193998336791992;1126912000;1647977129.5868127
2202;4.129335880279541;1127424000;1647977139.6674035
2203;4.131681442260742;1127936000;1647977149.7353077
2204;4.168473243713379;1128448000;1647977159.787645
2205;4.144146919250488;1128960000;1647977169.8508496
2206;4.154487609863281;1129472000;1647977179.9177523
2207;4.223509311676025;1129984000;1647977189.9771788
2208;4.131634712219238;1130496000;1647977200.0361693
2209;4.137348651885986;1131008000;1647977210.0903122
2210;4.075402736663818;1131520000;1647977220.1394072
2211;4.104493618011475;1132032000;1647977230.1669364
2212;4.073100566864014;1132544000;1647977240.2011611
2213;4.069015026092529;1133056000;1647977250.2654562
2214;4.126967430114746;1133568000;1647977260.3332813
2215;4.091980934143066;1134080000;1647977270.3172872
2216;4.155426979064941;1134592000;1647977280.3606238
2217;4.265059471130371;1135104000;1647977290.2673175
2218;4.18787956237793;1135616000;1647977300.281358
2219;4.153962135314941;1136128000;1647977310.3374338
2220;4.1444091796875;1136640000;1647977320.4194999
2221;4.115623474121094;1137152000;1647977330.4840877
2222;4.119429588317871;1137664000;1647977340.5082924
2223;4.117591857910156;1138176000;1647977350.552695
2224;4.138822555541992;1138688000;1647977360.5829613
2225;4.082120895385742;1139200000;1647977370.6199694
2226;4.060222148895264;1139712000;1647977380.6716268
2227;4.085601329803467;1140224000;1647977390.745508
2228;4.138311862945557;1140736000;1647977400.8137598
2229;4.128896713256836;1141248000;1647977410.885241
2230;4.103252410888672;1141760000;1647977420.9528515
2231;4.117137908935547;1142272000;1647977430.972276
2232;4.089838981628418;1142784000;1647977440.9491773
2233;4.099090099334717;1143296000;1647977451.0021417
2234;4.06227445602417;1143808000;1647977461.0631833
2235;4.076737403869629;1144320000;1647977471.1119545
2236;4.102014541625977;1144832000;1647977481.164175
2237;4.136380195617676;1145344000;1647977491.1016629
2238;4.092752456665039;1145856000;1647977501.0788963
2239;4.084879398345947;1146368000;1647977511.0906465
2240;4.062936305999756;1146880000;1647977521.1404998
2241;4.121072769165039;1147392000;1647977531.1872973
2242;4.117033004760742;1147904000;1647977541.2404158
2243;4.0945258140563965;1148416000;1647977550.2829077
2244;4.096096515655518;1148928000;1647977559.6214123
2245;4.110159873962402;1149440000;1647977567.906604
2246;4.1256842613220215;1149952000;1647977576.4492533
2247;4.114184379577637;1150464000;1647977586.5150256
2248;4.11411190032959;1150976000;1647977596.58242
2249;4.091135025024414;1151488000;1647977606.6470554
2250;4.088221073150635;1152000000;1647977624.5120544
2251;4.110457420349121;1152512000;1647977634.2876337
2252;4.137360572814941;1153024000;1647977644.3627522
2253;4.102858066558838;1153536000;1647977654.4231973
2254;4.10027551651001;1154048000;1647977664.4867227
2255;4.130702972412109;1154560000;1647977674.557158
2256;4.143660068511963;1155072000;1647977684.615676
2257;4.12669563293457;1155584000;1647977694.6758733
2258;4.123717308044434;1156096000;1647977704.7412536
2259;4.111652374267578;1156608000;1647977714.7600756
2260;4.080401420593262;1157120000;1647977724.7890902
2261;4.096074104309082;1157632000;1647977734.8481133
2262;4.127027988433838;1158144000;1647977744.9144783
2263;4.161080360412598;1158656000;1647977754.9654267
2264;4.110058784484863;1159168000;1647977765.0225923
2265;4.165391445159912;1159680000;1647977775.0646954
2266;4.179792404174805;1160192000;1647977785.1158578
2267;4.175497531890869;1160704000;1647977795.1721337
2268;4.179225921630859;1161216000;1647977805.2252934
2269;4.129508972167969;1161728000;1647977815.2974694
2270;4.143777847290039;1162240000;1647977825.354145
2271;4.177092552185059;1162752000;1647977835.3278286
2272;4.22155237197876;1163264000;1647977845.2863894
2273;4.206226825714111;1163776000;1647977855.2986276
2274;4.14340353012085;1164288000;1647977865.307746
2275;4.208718299865723;1164800000;1647977875.331145
2276;4.191937446594238;1165312000;1647977885.3488166
2277;4.199304580688477;1165824000;1647977895.5663667
2278;4.172607421875;1166336000;1647977905.6307392
2279;4.0829362869262695;1166848000;1647977915.68144
2280;4.075119972229004;1167360000;1647977925.7248437
2281;4.1113691329956055;1167872000;1647977935.7690625
2282;4.150390625;1168384000;1647977945.7973697
2283;4.258908271789551;1168896000;1647977955.8388853
2284;4.238638877868652;1169408000;1647977965.8374884
2285;4.183101654052734;1169920000;1647977975.8288836
2286;4.124778747558594;1170432000;1647977985.8325455
2287;4.079436302185059;1170944000;1647977995.7925646
2288;4.098916053771973;1171456000;1647978005.8221784
2289;4.089788436889648;1171968000;1647978015.8333256
2290;4.073583602905273;1172480000;1647978025.8542342
2291;4.086824417114258;1172992000;1647978035.855348
2292;4.129012107849121;1173504000;1647978045.8317096
2293;4.111745357513428;1174016000;1647978054.5857403
2294;4.113114356994629;1174528000;1647978064.006052
2295;4.0949506759643555;1175040000;1647978072.209965
2296;4.128215789794922;1175552000;1647978080.3544674
2297;4.080373764038086;1176064000;1647978090.2345219
2298;4.079880237579346;1176576000;1647978100.3082073
2299;4.109477996826172;1177088000;1647978110.3551228
2300;4.125865936279297;1177600000;1647978128.3306596
2301;4.15095329284668;1178112000;1647978137.8199294
2302;4.1897172927856445;1178624000;1647978147.8527265
2303;4.167342185974121;1179136000;1647978157.91127
2304;4.1047186851501465;1179648000;1647978167.9241471
2305;4.124054908752441;1180160000;1647978177.9863174
2306;4.105238914489746;1180672000;1647978188.0652285
2307;4.056894779205322;1181184000;1647978198.1337645
2308;4.115461349487305;1181696000;1647978208.1877892
2309;4.163544654846191;1182208000;1647978218.2262876
2310;4.121523380279541;1182720000;1647978228.2314982
2311;4.082231521606445;1183232000;1647978238.2774096
2312;4.081774711608887;1183744000;1647978248.3300138
2313;4.1140947341918945;1184256000;1647978258.3741105
2314;4.119221210479736;1184768000;1647978268.39323
2315;4.118663311004639;1185280000;1647978278.4095204
2316;4.070296287536621;1185792000;1647978288.4175053
2317;4.11741828918457;1186304000;1647978298.3340993
2318;4.114219665527344;1186816000;1647978308.2852612
2319;4.161469459533691;1187328000;1647978318.3158078
2320;4.103646278381348;1187840000;1647978328.2850728
2321;4.10073184967041;1188352000;1647978338.2400453
2322;4.108499526977539;1188864000;1647978348.2603827
2323;4.110592842102051;1189376000;1647978358.2724085
2324;4.072761058807373;1189888000;1647978368.2863054
2325;4.107809066772461;1190400000;1647978378.351188
2326;4.124213218688965;1190912000;1647978388.4214237
2327;4.104011535644531;1191424000;1647978398.474051
2328;4.121124744415283;1191936000;1647978408.5156727
2329;4.06729793548584;1192448000;1647978418.576247
2330;4.192479610443115;1192960000;1647978428.6182003
2331;4.131308555603027;1193472000;1647978438.6706185
2332;4.126169681549072;1193984000;1647978448.7338023
2333;4.121827125549316;1194496000;1647978458.7912078
2334;4.111086845397949;1195008000;1647978468.8452344
2335;4.196817398071289;1195520000;1647978478.8807373
2336;4.108879089355469;1196032000;1647978488.9141617
2337;4.172578811645508;1196544000;1647978498.9366388
2338;4.127396106719971;1197056000;1647978508.9341059
2339;4.124859809875488;1197568000;1647978518.9730995
2340;4.1236090660095215;1198080000;1647978529.20881
2341;4.1202473640441895;1198592000;1647978539.4289181
2342;4.057495594024658;1199104000;1647978549.8308797
2343;4.136991500854492;1199616000;1647978558.8977516
2344;4.084011077880859;1200128000;1647978568.416653
2345;4.068904399871826;1200640000;1647978576.7469044
2346;4.107682228088379;1201152000;1647978585.2359524
2347;4.090263843536377;1201664000;1647978595.2835221
2348;4.088829040527344;1202176000;1647978605.5052798
2349;4.13450813293457;1202688000;1647978615.5299559
2350;4.139118194580078;1203200000;1647978633.7164075
2351;4.135727882385254;1203712000;1647978642.9819927
2352;4.09052848815918;1204224000;1647978653.0515115
2353;4.103705406188965;1204736000;1647978662.9794788
2354;4.1445393562316895;1205248000;1647978672.9463336
2355;4.164810657501221;1205760000;1647978682.8901064
2356;4.090665817260742;1206272000;1647978692.8518054
2357;4.090233325958252;1206784000;1647978702.8797417
2358;4.101017951965332;1207296000;1647978712.8308973
2359;4.093988418579102;1207808000;1647978722.8011997
2360;4.117742538452148;1208320000;1647978732.8300252
2361;4.084815979003906;1208832000;1647978742.8949494
2362;4.069303512573242;1209344000;1647978752.9584384
2363;4.074219703674316;1209856000;1647978762.9569004
2364;4.104360580444336;1210368000;1647978772.9742112
2365;4.21721076965332;1210880000;1647978782.9749095
2366;4.062334060668945;1211392000;1647978793.0347934
2367;4.090357780456543;1211904000;1647978803.0872192
2368;4.10030460357666;1212416000;1647978813.1366472
2369;4.08587646484375;1212928000;1647978823.1932738
2370;4.130170822143555;1213440000;1647978833.267006
2371;4.083678245544434;1213952000;1647978843.3280914
2372;4.067715644836426;1214464000;1647978853.3583784
2373;4.140246868133545;1214976000;1647978863.3830228
2374;4.0729594230651855;1215488000;1647978873.287447
2375;4.101184844970703;1216000000;1647978883.2686403
2376;4.055203437805176;1216512000;1647978893.295128
2377;4.109711647033691;1217024000;1647978903.3146906
2378;4.11808443069458;1217536000;1647978913.3603451
2379;4.0906572341918945;1218048000;1647978923.3984742
2380;4.0644683837890625;1218560000;1647978933.3784232
2381;4.079794406890869;1219072000;1647978943.356038
2382;4.071010589599609;1219584000;1647978953.3444142
2383;4.0810346603393555;1220096000;1647978963.5294976
2384;4.079904556274414;1220608000;1647978973.5567234
2385;4.108308792114258;1221120000;1647978983.578333
2386;4.086757183074951;1221632000;1647978993.6075814
2387;4.097658634185791;1222144000;1647979003.5956738
2388;4.1007561683654785;1222656000;1647979013.5804996
2389;4.107324600219727;1223168000;1647979023.592668
2390;4.114185810089111;1223680000;1647979033.8019779
2391;4.112072944641113;1224192000;1647979043.8334186
2392;4.118051052093506;1224704000;1647979053.8481953
2393;4.174574851989746;1225216000;1647979062.4491138
2394;4.144331932067871;1225728000;1647979072.1317973
2395;4.096884727478027;1226240000;1647979080.003377
2396;4.09868860244751;1226752000;1647979088.8963914
2397;4.138274192810059;1227264000;1647979099.0196378
2398;4.139486312866211;1227776000;1647979109.052308
2399;4.147310256958008;1228288000;1647979118.9870298
2400;4.135583877563477;1228800000;1647979136.8996556
2401;4.113018989562988;1229312000;1647979146.1037147
2402;4.1353654861450195;1229824000;1647979156.182385
2403;4.108788967132568;1230336000;1647979166.231997
2404;4.098834037780762;1230848000;1647979176.2878518
2405;4.137911796569824;1231360000;1647979186.3340416
2406;4.141696929931641;1231872000;1647979196.3851957
2407;4.097729682922363;1232384000;1647979206.4343865
2408;4.176519393920898;1232896000;1647979216.665327
2409;4.146182537078857;1233408000;1647979226.7253425
2410;4.195652961730957;1233920000;1647979236.788896
2411;4.105428695678711;1234432000;1647979246.8541644
2412;4.0897016525268555;1234944000;1647979256.901747
2413;4.132135391235352;1235456000;1647979266.935343
2414;4.083477973937988;1235968000;1647979276.7869174
2415;4.101197242736816;1236480000;1647979286.8353827
2416;4.122902870178223;1236992000;1647979296.7912955
2417;4.186875820159912;1237504000;1647979306.7838585
2418;4.094765663146973;1238016000;1647979316.8004262
2419;4.106776237487793;1238528000;1647979326.7427526
2420;4.101263046264648;1239040000;1647979336.7469513
2421;4.099822998046875;1239552000;1647979346.7784133
2422;4.123382568359375;1240064000;1647979356.702605
2423;4.100469589233398;1240576000;1647979366.699817
2424;4.117488861083984;1241088000;1647979376.831653
2425;4.190256595611572;1241600000;1647979386.864992
2426;4.218498229980469;1242112000;1647979396.9287066
2427;4.112722396850586;1242624000;1647979407.0009975
2428;4.1495280265808105;1243136000;1647979417.0372188
2429;4.1544342041015625;1243648000;1647979427.0778096
2430;4.178316116333008;1244160000;1647979437.1350768
2431;4.138323783874512;1244672000;1647979447.1428027
2432;4.158766269683838;1245184000;1647979457.2061327
2433;4.164237022399902;1245696000;1647979467.2722962
2434;4.1220703125;1246208000;1647979477.3056567
2435;4.173764705657959;1246720000;1647979487.5248554
2436;4.266136169433594;1247232000;1647979497.5644197
2437;4.245431423187256;1247744000;1647979507.5928152
2438;4.1965436935424805;1248256000;1647979517.5535524
2439;4.153560161590576;1248768000;1647979527.5791092
2440;4.153170585632324;1249280000;1647979537.6078112
2441;4.229295253753662;1249792000;1647979547.6405613
2442;4.217273712158203;1250304000;1647979557.6574032
2443;4.12792444229126;1250816000;1647979566.3799727
2444;4.1225905418396;1251328000;1647979575.9495463
2445;4.123197555541992;1251840000;1647979583.6443875
2446;4.147858142852783;1252352000;1647979592.0586274
2447;4.118025779724121;1252864000;1647979602.2203774
2448;4.139066219329834;1253376000;1647979612.2082443
2449;4.14239501953125;1253888000;1647979622.228915
2450;4.110384941101074;1254400000;1647979640.400372
2451;4.130947113037109;1254912000;1647979649.7529283
2452;4.153242111206055;1255424000;1647979659.8246093
2453;4.218510150909424;1255936000;1647979669.9117622
2454;4.2262115478515625;1256448000;1647979680.151966
2455;4.196101188659668;1256960000;1647979690.217496
2456;4.140643119812012;1257472000;1647979700.6563637
2457;4.135698318481445;1257984000;1647979710.8246362
2458;4.126120090484619;1258496000;1647979720.8923764
2459;4.161390781402588;1259008000;1647979730.960558
2460;4.136757850646973;1259520000;1647979741.0066469
2461;4.22468900680542;1260032000;1647979751.0152586
2462;4.124392032623291;1260544000;1647979760.995611
2463;4.175755500793457;1261056000;1647979770.9498336
2464;4.176219940185547;1261568000;1647979780.8972569
2465;4.123032569885254;1262080000;1647979790.9054928
2466;4.173147678375244;1262592000;1647979800.9138045
2467;4.202138900756836;1263104000;1647979810.9230547
2468;4.208413124084473;1263616000;1647979820.9184103
2469;4.141910552978516;1264128000;1647979830.9205122
2470;4.066373825073242;1264640000;1647979840.9274154
2471;4.077710151672363;1265152000;1647979850.9525075
2472;4.147965431213379;1265664000;1647979860.9340253
2473;4.165310859680176;1266176000;1647979870.8956625
2474;4.175414085388184;1266688000;1647979880.7951064
2475;4.153651714324951;1267200000;1647979890.7245212
2476;4.092700004577637;1267712000;1647979900.7427468
2477;4.166069030761719;1268224000;1647979910.7592633
2478;4.145036697387695;1268736000;1647979920.7463439
2479;4.133215427398682;1269248000;1647979930.7590997
2480;4.095956802368164;1269760000;1647979940.800524
2481;4.116218566894531;1270272000;1647979950.8382285
2482;4.098296165466309;1270784000;1647979960.889687
2483;4.172863960266113;1271296000;1647979970.9532661
2484;4.217150688171387;1271808000;1647979981.0184278
2485;4.139482021331787;1272320000;1647979991.076169
2486;4.142872333526611;1272832000;1647980001.138313
2487;4.0725297927856445;1273344000;1647980011.1942737
2488;4.0996809005737305;1273856000;1647980021.2411551
2489;4.078493118286133;1274368000;1647980031.2918396
2490;4.104998588562012;1274880000;1647980041.3498824
2491;4.126031398773193;1275392000;1647980051.420732
2492;4.110803127288818;1275904000;1647980061.4907224
2493;4.115392208099365;1276416000;1647980070.2881231
2494;4.044830322265625;1276928000;1647980080.0805016
2495;4.132407188415527;1277440000;1647980088.17192
2496;4.135945796966553;1277952000;1647980096.6887043
2497;4.130726337432861;1278464000;1647980106.6686096
2498;4.152953147888184;1278976000;1647980116.7091274
2499;4.117089748382568;1279488000;1647980126.706794
2500;4.154203414916992;1280000000;1647980144.7639856
2501;4.274663925170898;1280512000;1647980153.896742
2502;4.287230968475342;1281024000;1647980163.9394956
2503;4.120116233825684;1281536000;1647980174.0067356
2504;4.211397171020508;1282048000;1647980184.069521
2505;4.16550350189209;1282560000;1647980194.098282
2506;4.106583595275879;1283072000;1647980204.1088006
2507;4.120436668395996;1283584000;1647980214.1681533
2508;4.0903143882751465;1284096000;1647980224.2244802
2509;4.125713348388672;1284608000;1647980234.273258
2510;4.169709205627441;1285120000;1647980244.3342986
2511;4.181703567504883;1285632000;1647980254.3912766
2512;4.122546195983887;1286144000;1647980264.4633486
2513;4.085594177246094;1286656000;1647980274.5379632
2514;4.118719577789307;1287168000;1647980284.5952868
2515;4.171199798583984;1287680000;1647980294.6441512
2516;4.152230739593506;1288192000;1647980304.6825657
2517;4.159575462341309;1288704000;1647980314.7399442
2518;4.118601322174072;1289216000;1647980324.7966428
2519;4.116147994995117;1289728000;1647980334.84994
2520;4.094399929046631;1290240000;1647980344.9050288
2521;4.102214813232422;1290752000;1647980354.9678383
2522;4.084355354309082;1291264000;1647980364.989391
2523;4.101282596588135;1291776000;1647980375.0259514
2524;4.11734676361084;1292288000;1647980385.0975556
2525;4.115387916564941;1292800000;1647980395.1519172
2526;4.086463928222656;1293312000;1647980405.2193563
2527;4.1319780349731445;1293824000;1647980415.250999
2528;4.134537696838379;1294336000;1647980425.2799377
2529;4.153537750244141;1294848000;1647980435.306702
2530;4.160981178283691;1295360000;1647980445.2936997
2531;4.114765167236328;1295872000;1647980455.3401365
2532;4.088982582092285;1296384000;1647980465.3897161
2533;4.132359504699707;1296896000;1647980475.4145193
2534;4.12956428527832;1297408000;1647980485.4482906
2535;4.151884078979492;1297920000;1647980495.5110269
2536;4.13114070892334;1298432000;1647980505.563291
2537;4.105138778686523;1298944000;1647980515.610001
2538;4.106881141662598;1299456000;1647980525.6291356
2539;4.123346328735352;1299968000;1647980535.6959562
2540;4.138933181762695;1300480000;1647980545.739714
2541;4.103090286254883;1300992000;1647980555.7372568
2542;4.105162143707275;1301504000;1647980565.8082259
2543;4.108480453491211;1302016000;1647980574.1609359
2544;4.119590759277344;1302528000;1647980584.2036667
2545;4.131983757019043;1303040000;1647980592.3737388
2546;4.192399501800537;1303552000;1647980600.3364913
2547;4.089765548706055;1304064000;1647980610.4173377
2548;4.102974891662598;1304576000;1647980620.494995
2549;4.092281341552734;1305088000;1647980630.5607278
2550;4.109589099884033;1305600000;1647980648.621464
2551;4.125571250915527;1306112000;1647980657.5845385
2552;4.122411727905273;1306624000;1647980667.634203
2553;4.150017738342285;1307136000;1647980677.6826959
2554;4.079920768737793;1307648000;1647980687.705978
2555;4.120316028594971;1308160000;1647980697.7688093
2556;4.152460098266602;1308672000;1647980707.7735431
2557;4.2210164070129395;1309184000;1647980717.788518
2558;4.214417457580566;1309696000;1647980727.82911
2559;4.2905473709106445;1310208000;1647980737.8559227
2560;4.164535045623779;1310720000;1647980747.867246
2561;4.165032386779785;1311232000;1647980757.8613691
2562;4.235988616943359;1311744000;1647980767.8512092
2563;4.1097517013549805;1312256000;1647980777.8750675
2564;4.121063232421875;1312768000;1647980787.9065855
2565;4.140227317810059;1313280000;1647980797.9515195
2566;4.1319379806518555;1313792000;1647980807.972515
2567;4.204122543334961;1314304000;1647980818.0064387
2568;4.170175552368164;1314816000;1647980828.0440357
2569;4.16796350479126;1315328000;1647980838.0753539
2570;4.191147327423096;1315840000;1647980848.1067994
2571;4.197018623352051;1316352000;1647980858.144687
2572;4.2042741775512695;1316864000;1647980868.178817
2573;4.1602373123168945;1317376000;1647980878.2173717
2574;4.162702560424805;1317888000;1647980888.2496297
2575;4.16825008392334;1318400000;1647980898.223022
2576;4.133069038391113;1318912000;1647980908.261345
2577;4.125093460083008;1319424000;1647980918.2969851
2578;4.129310131072998;1319936000;1647980928.7038782
2579;4.229707717895508;1320448000;1647980938.7712502
2580;4.21628475189209;1320960000;1647980948.8234303
2581;4.104024410247803;1321472000;1647980958.89358
2582;4.192058563232422;1321984000;1647980968.9616592
2583;4.162200927734375;1322496000;1647980979.0421011
2584;4.165536880493164;1323008000;1647980989.1098251
2585;4.094594478607178;1323520000;1647980999.1766026
2586;4.16141414642334;1324032000;1647981009.2493799
2587;4.1504225730896;1324544000;1647981019.3055015
2588;4.218942642211914;1325056000;1647981029.3564477
2589;4.127799034118652;1325568000;1647981039.405861
2590;4.137545585632324;1326080000;1647981049.4779456
2591;4.140327453613281;1326592000;1647981059.548159
2592;4.134335994720459;1327104000;1647981069.6298935
2593;4.143619537353516;1327616000;1647981078.0430326
2594;4.104279518127441;1328128000;1647981088.0572467
2595;4.100620269775391;1328640000;1647981096.515722
2596;4.124538898468018;1329152000;1647981104.6716406
2597;4.104613304138184;1329664000;1647981114.7731647
2598;4.159224987030029;1330176000;1647981124.8568456
2599;4.134700775146484;1330688000;1647981134.9312282
2600;4.106759071350098;1331200000;1647981152.8875568
2601;4.1366286277771;1331712000;1647981161.5788553
2602;4.198962688446045;1332224000;1647981171.6301272
2603;4.146569728851318;1332736000;1647981181.8411264
2604;4.115647315979004;1333248000;1647981191.9127965
2605;4.094809532165527;1333760000;1647981201.9914198
2606;4.091245651245117;1334272000;1647981212.0516162
2607;4.080811500549316;1334784000;1647981222.0975187
2608;4.094507217407227;1335296000;1647981232.3347218
2609;4.0733184814453125;1335808000;1647981242.5390053
2610;4.084976673126221;1336320000;1647981252.5875344
2611;4.072047710418701;1336832000;1647981262.6483266
2612;4.1002960205078125;1337344000;1647981272.7265992
2613;4.178022384643555;1337856000;1647981282.8001382
2614;4.205645561218262;1338368000;1647981292.8452053
2615;4.272174835205078;1338880000;1647981302.9140882
2616;4.218255519866943;1339392000;1647981312.9570465
2617;4.139776229858398;1339904000;1647981323.0043297
2618;4.079357624053955;1340416000;1647981333.075327
2619;4.138388633728027;1340928000;1647981343.1552417
2620;4.167596340179443;1341440000;1647981353.2216458
2621;4.183220386505127;1341952000;1647981363.2772756
2622;4.136135101318359;1342464000;1647981373.3268075
2623;4.110377788543701;1342976000;1647981383.3802621
2624;4.136688232421875;1343488000;1647981393.428134
2625;4.140937805175781;1344000000;1647981403.4847765
2626;4.125921249389648;1344512000;1647981413.558356
2627;4.081469535827637;1345024000;1647981423.6210823
2628;4.133145332336426;1345536000;1647981433.6355245
2629;4.117727756500244;1346048000;1647981443.7047136
2630;4.126526355743408;1346560000;1647981453.7730024
2631;4.08957576751709;1347072000;1647981463.8487887
2632;4.087724685668945;1347584000;1647981473.9154277
2633;4.103646278381348;1348096000;1647981483.982589
2634;4.152915000915527;1348608000;1647981494.00881
2635;4.111762046813965;1349120000;1647981504.176527
2636;4.079874515533447;1349632000;1647981514.2490482
2637;4.084216594696045;1350144000;1647981524.2841644
2638;4.081323623657227;1350656000;1647981534.327992
2639;4.1417236328125;1351168000;1647981544.401618
2640;4.108674049377441;1351680000;1647981554.4668937
2641;4.126959800720215;1352192000;1647981564.5310273
2642;4.102906227111816;1352704000;1647981574.5159976
2643;4.10273551940918;1353216000;1647981583.0115075
2644;4.127175807952881;1353728000;1647981592.9950228
2645;4.127494812011719;1354240000;1647981601.467374
2646;4.1338911056518555;1354752000;1647981609.3588145
2647;4.174914360046387;1355264000;1647981619.4064994
2648;4.115379810333252;1355776000;1647981629.4608572
2649;4.134239196777344;1356288000;1647981639.3904681
2650;4.08651065826416;1356800000;1647981657.1685922
2651;4.112824440002441;1357312000;1647981666.1410577
2652;4.116899013519287;1357824000;1647981676.1714895
2653;4.168293476104736;1358336000;1647981686.185572
2654;4.136962413787842;1358848000;1647981696.1729698
2655;4.05753231048584;1359360000;1647981706.1952019
2656;4.114824295043945;1359872000;1647981716.1919959
2657;4.071295261383057;1360384000;1647981726.2083132
2658;4.0903120040893555;1360896000;1647981736.154786
2659;4.146842956542969;1361408000;1647981746.1892953
2660;4.125527381896973;1361920000;1647981756.378553
2661;4.137269020080566;1362432000;1647981766.430054
2662;4.207271575927734;1362944000;1647981776.4736044
2663;4.127344131469727;1363456000;1647981786.49178
2664;4.164694786071777;1363968000;1647981796.4797037
2665;4.192446708679199;1364480000;1647981806.5439246
2666;4.195584297180176;1364992000;1647981816.6118345
2667;4.12275505065918;1365504000;1647981826.6797516
2668;4.183830261230469;1366016000;1647981836.72392
2669;4.0873212814331055;1366528000;1647981846.7706509
2670;4.1052165031433105;1367040000;1647981856.8179045
2671;4.097439765930176;1367552000;1647981866.8856816
2672;4.076456069946289;1368064000;1647981876.9502213
2673;4.075119972229004;1368576000;1647981887.0095167
2674;4.098311901092529;1369088000;1647981897.0552735
2675;4.1019182205200195;1369600000;1647981907.104322
2676;4.068249702453613;1370112000;1647981917.1580656
2677;4.093643665313721;1370624000;1647981927.218057
2678;4.109919548034668;1371136000;1647981937.2682164
2679;4.107797622680664;1371648000;1647981947.3153493
2680;4.1100568771362305;1372160000;1647981957.4995315
2681;4.060999870300293;1372672000;1647981967.501376
2682;4.105138778686523;1373184000;1647981977.5216541
2683;4.086006164550781;1373696000;1647981987.4973545
2684;4.082335948944092;1374208000;1647981997.4560437
2685;4.097995281219482;1374720000;1647982007.6834886
2686;4.0308942794799805;1375232000;1647982017.7630072
2687;4.072662353515625;1375744000;1647982027.8369963
2688;4.085312843322754;1376256000;1647982037.8905892
2689;4.054267883300781;1376768000;1647982047.9380183
2690;4.097857475280762;1377280000;1647982058.003526
2691;4.093041896820068;1377792000;1647982068.053947
2692;4.075002670288086;1378304000;1647982078.032775
2693;4.049319267272949;1378816000;1647982086.623661
2694;4.102418899536133;1379328000;1647982096.6503482
2695;4.069110870361328;1379840000;1647982105.550481
2696;4.057684898376465;1380352000;1647982112.7830732
2697;4.09601354598999;1380864000;1647982122.8544037
2698;4.065116882324219;1381376000;1647982132.910684
2699;4.047431945800781;1381888000;1647982142.9852662
2700;4.128174781799316;1382400000;1647982161.6062365
2701;4.068595886230469;1382912000;1647982170.6135669
2702;4.0515851974487305;1383424000;1647982180.6939003
2703;4.076199531555176;1383936000;1647982190.7471044
2704;4.081099033355713;1384448000;1647982200.7659817
2705;4.091640472412109;1384960000;1647982210.783988
2706;4.108970642089844;1385472000;1647982220.7868254
2707;4.090683937072754;1385984000;1647982230.7957194
2708;4.193793773651123;1386496000;1647982240.8127582
2709;4.122196197509766;1387008000;1647982250.779606
2710;4.121593475341797;1387520000;1647982260.7374935
2711;4.134397029876709;1388032000;1647982270.5997484
2712;4.136285305023193;1388544000;1647982280.5790195
2713;4.123089790344238;1389056000;1647982290.5977287
2714;4.151500225067139;1389568000;1647982300.6143522
2715;4.143582344055176;1390080000;1647982310.6309116
2716;4.147946834564209;1390592000;1647982320.6056511
2717;4.117942810058594;1391104000;1647982331.0985975
2718;4.087721824645996;1391616000;1647982341.2356505
2719;4.122663497924805;1392128000;1647982351.556235
2720;4.15595817565918;1392640000;1647982361.9129014
2721;4.15461540222168;1393152000;1647982372.2737854
2722;4.151128768920898;1393664000;1647982382.450542
2723;4.149392604827881;1394176000;1647982392.8063354
2724;4.159145355224609;1394688000;1647982402.7421658
2725;4.17061710357666;1395200000;1647982412.737847
2726;4.132965564727783;1395712000;1647982422.761625
2727;4.11745548248291;1396224000;1647982432.7926412
2728;4.131634712219238;1396736000;1647982442.823726
2729;4.081058502197266;1397248000;1647982452.8715334
2730;4.149997711181641;1397760000;1647982462.9309633
2731;4.123847007751465;1398272000;1647982472.9827797
2732;4.087353706359863;1398784000;1647982483.044331
2733;4.066658020019531;1399296000;1647982493.1076999
2734;4.140907287597656;1399808000;1647982503.1668737
2735;4.148332595825195;1400320000;1647982513.2210968
2736;4.19315767288208;1400832000;1647982523.2773364
2737;4.140983581542969;1401344000;1647982533.3269484
2738;4.083017826080322;1401856000;1647982543.3938885
2739;4.116436958312988;1402368000;1647982553.4493706
2740;4.112953186035156;1402880000;1647982563.5104618
2741;4.095864295959473;1403392000;1647982573.5688863
2742;4.090281009674072;1403904000;1647982582.953268
2743;4.081300735473633;1404416000;1647982592.0651884
2744;4.127568244934082;1404928000;1647982602.1227648
2745;4.14151668548584;1405440000;1647982610.6375966
2746;4.106317520141602;1405952000;1647982618.2532291
2747;4.149577617645264;1406464000;1647982628.3015294
2748;4.179868698120117;1406976000;1647982638.3465276
2749;4.153440475463867;1407488000;1647982648.2540967
2750;4.102396488189697;1408000000;1647982666.303803
2751;4.149367332458496;1408512000;1647982675.7196903
2752;4.1651105880737305;1409024000;1647982685.7761295
2753;4.101067543029785;1409536000;1647982695.8492808
2754;4.137491226196289;1410048000;1647982705.9373012
2755;4.165493011474609;1410560000;1647982716.0010865
2756;4.189690589904785;1411072000;1647982726.0525277
2757;4.231290817260742;1411584000;1647982736.1325877
2758;4.222006320953369;1412096000;1647982746.186011
2759;4.235072135925293;1412608000;1647982756.185266
2760;4.137226104736328;1413120000;1647982766.1235003
2761;4.088340759277344;1413632000;1647982776.1631484
2762;4.150140285491943;1414144000;1647982786.1949735
2763;4.161665439605713;1414656000;1647982796.1785128
2764;4.25279426574707;1415168000;1647982806.1735418
2765;4.270163536071777;1415680000;1647982816.2213066
2766;4.223013401031494;1416192000;1647982826.2692318
2767;4.178108215332031;1416704000;1647982836.33635
2768;4.195229530334473;1417216000;1647982846.397314
2769;4.250807762145996;1417728000;1647982856.4580538
2770;4.133612155914307;1418240000;1647982866.5184412
2771;4.1446990966796875;1418752000;1647982876.580065
2772;4.1493096351623535;1419264000;1647982886.639783
2773;4.144770622253418;1419776000;1647982896.7034502
2774;4.1432294845581055;1420288000;1647982906.763754
2775;4.128119468688965;1420800000;1647982916.8299909
2776;4.203551292419434;1421312000;1647982926.8894901
2777;4.221163749694824;1421824000;1647982936.9451625
2778;4.279543876647949;1422336000;1647982947.0104153
2779;4.1918110847473145;1422848000;1647982957.071307
2780;4.14654541015625;1423360000;1647982967.1268063
2781;4.126250743865967;1423872000;1647982977.1929455
2782;4.209864139556885;1424384000;1647982987.2580557
2783;4.134475231170654;1424896000;1647982997.2907243
2784;4.129244327545166;1425408000;1647983007.4826088
2785;4.1020097732543945;1425920000;1647983017.547307
2786;4.165749549865723;1426432000;1647983027.6122496
2787;4.100587368011475;1426944000;1647983037.8265426
2788;4.1308207511901855;1427456000;1647983047.799205
2789;4.184512615203857;1427968000;1647983057.8589513
2790;4.154034614562988;1428480000;1647983067.9229429
2791;4.1577301025390625;1428992000;1647983077.9617417
2792;4.1553544998168945;1429504000;1647983087.2682703
2793;4.17360782623291;1430016000;1647983096.6074033
2794;4.125664710998535;1430528000;1647983106.6653278
2795;4.114938735961914;1431040000;1647983115.4384162
2796;4.096665382385254;1431552000;1647983122.5982907
2797;4.1694111824035645;1432064000;1647983132.6760318
2798;4.139516830444336;1432576000;1647983142.7446525
2799;4.128992557525635;1433088000;1647983152.9941165
2800;4.139007568359375;1433600000;1647983171.189697
2801;4.0746870040893555;1434112000;1647983180.665258
2802;4.155769348144531;1434624000;1647983190.738649
2803;4.096564769744873;1435136000;1647983200.8100677
2804;4.120098114013672;1435648000;1647983210.8824692
2805;4.090387344360352;1436160000;1647983220.9421525
2806;4.064002990722656;1436672000;1647983231.011788
2807;4.107926368713379;1437184000;1647983241.0764744
2808;4.112093448638916;1437696000;1647983251.152772
2809;4.119110584259033;1438208000;1647983261.3665283
2810;4.100493907928467;1438720000;1647983271.4089959
2811;4.1468281745910645;1439232000;1647983281.4760182
2812;4.083695411682129;1439744000;1647983291.5318236
2813;4.109542369842529;1440256000;1647983301.6080604
2814;4.250874996185303;1440768000;1647983311.6858225
2815;4.195703506469727;1441280000;1647983321.9076881
2816;4.148873329162598;1441792000;1647983332.118093
2817;4.240242958068848;1442304000;1647983342.1502526
2818;4.2509307861328125;1442816000;1647983352.2144995
2819;4.269996643066406;1443328000;1647983362.2993999
2820;4.168715000152588;1443840000;1647983372.3893137
2821;4.186730861663818;1444352000;1647983382.6119075
2822;4.151703834533691;1444864000;1647983392.6269271
2823;4.123096466064453;1445376000;1647983402.7442634
2824;4.133980751037598;1445888000;1647983413.0583055
2825;4.110183238983154;1446400000;1647983423.124511
2826;4.141758918762207;1446912000;1647983433.1927586
2827;4.181728839874268;1447424000;1647983443.2386334
2828;4.199497222900391;1447936000;1647983453.5350883
2829;4.141988754272461;1448448000;1647983464.0162628
2830;4.148468971252441;1448960000;1647983474.1096241
2831;4.151944160461426;1449472000;1647983484.0946035
2832;4.176061630249023;1449984000;1647983494.258029
2833;4.20314884185791;1450496000;1647983504.2983217
2834;4.21324348449707;1451008000;1647983514.4800038
2835;4.200817108154297;1451520000;1647983524.5151443
2836;4.186300277709961;1452032000;1647983534.5775678
2837;4.123782157897949;1452544000;1647983544.6417024
2838;4.208637714385986;1453056000;1647983554.703511
2839;4.149416446685791;1453568000;1647983564.7723238
2840;4.227096080780029;1454080000;1647983574.829676
2841;4.221566200256348;1454592000;1647983584.8960862
2842;4.1629638671875;1455104000;1647983593.3266296
2843;4.17313289642334;1455616000;1647983603.3985434
2844;4.234818458557129;1456128000;1647983613.461642
2845;4.2165069580078125;1456640000;1647983621.8066792
2846;4.189758777618408;1457152000;1647983629.8396182
2847;4.240405082702637;1457664000;1647983639.919994
2848;4.217119216918945;1458176000;1647983650.003661
2849;4.2284088134765625;1458688000;1647983660.0893483
2850;4.276925563812256;1459200000;1647983678.236262
2851;4.252267837524414;1459712000;1647983688.299357
2852;4.270730018615723;1460224000;1647983698.3743913
2853;4.262694358825684;1460736000;1647983708.4564817
2854;4.178854942321777;1461248000;1647983718.523928
2855;4.163544654846191;1461760000;1647983728.5945714
2856;4.123641490936279;1462272000;1647983738.663102
2857;4.153087139129639;1462784000;1647983748.7241533
2858;4.220402717590332;1463296000;1647983758.7852259
2859;4.261969566345215;1463808000;1647983768.852359
2860;4.23858642578125;1464320000;1647983778.903237
2861;4.202340126037598;1464832000;1647983788.95448
2862;4.1877593994140625;1465344000;1647983799.0128233
2863;4.2624831199646;1465856000;1647983809.0731473
2864;4.306230545043945;1466368000;1647983819.136085
2865;4.258087158203125;1466880000;1647983829.1985145
2866;4.248198509216309;1467392000;1647983839.2697735
2867;4.238829612731934;1467904000;1647983849.3258922
2868;4.175532341003418;1468416000;1647983859.3898005
2869;4.153611183166504;1468928000;1647983869.4453826
2870;4.205959320068359;1469440000;1647983879.5153096
2871;4.227442741394043;1469952000;1647983889.5800698
2872;4.140000820159912;1470464000;1647983899.646551
2873;4.1385087966918945;1470976000;1647983909.6923358
2874;4.175879955291748;1471488000;1647983919.7511585
2875;4.334051609039307;1472000000;1647983929.8074076
2876;4.2282867431640625;1472512000;1647983939.8252766
2877;4.246164798736572;1473024000;1647983949.8793738
2878;4.266667366027832;1473536000;1647983959.9422147
2879;4.226056098937988;1474048000;1647983970.0197313
2880;4.236227035522461;1474560000;1647983980.0927148
2881;4.21623420715332;1475072000;1647983990.141776
2882;4.20810604095459;1475584000;1647984000.1994526
2883;4.237573623657227;1476096000;1647984010.248276
2884;4.2482099533081055;1476608000;1647984020.2828546
2885;4.185400009155273;1477120000;1647984030.3077574
2886;4.179664611816406;1477632000;1647984040.301868
2887;4.18642520904541;1478144000;1647984050.3159003
2888;4.205255031585693;1478656000;1647984060.3335264
2889;4.2162580490112305;1479168000;1647984070.352117
2890;4.276709079742432;1479680000;1647984080.3700795
2891;4.270442962646484;1480192000;1647984090.2258213
2892;4.269964218139648;1480704000;1647984098.9915287
2893;4.26024866104126;1481216000;1647984109.0764222
2894;4.238370895385742;1481728000;1647984119.3227975
2895;4.2200212478637695;1482240000;1647984127.5772028
2896;4.279810905456543;1482752000;1647984136.0747478
2897;4.199223518371582;1483264000;1647984146.1854262
2898;4.195246696472168;1483776000;1647984156.2575607
2899;4.319624900817871;1484288000;1647984166.299845
2900;4.218033790588379;1484800000;1647984184.2482026
2901;4.20781135559082;1485312000;1647984194.2675745
2902;4.207018852233887;1485824000;1647984204.2510672
2903;4.277115345001221;1486336000;1647984214.2231333
2904;4.2382426261901855;1486848000;1647984224.2918823
2905;4.204676628112793;1487360000;1647984234.2921977
2906;4.212255477905273;1487872000;1647984244.3256965
2907;4.2282843589782715;1488384000;1647984254.2747364
2908;4.24462890625;1488896000;1647984264.2266932
2909;4.264102935791016;1489408000;1647984274.1363413
2910;4.2211713790893555;1489920000;1647984284.0345783
2911;4.229681968688965;1490432000;1647984293.8599153
2912;4.265567779541016;1490944000;1647984303.7390547
2913;4.160672187805176;1491456000;1647984313.6654
2914;4.194512367248535;1491968000;1647984323.6138003
2915;4.156834602355957;1492480000;1647984333.6109474
2916;4.1375603675842285;1492992000;1647984343.5172803
2917;4.147099494934082;1493504000;1647984353.3405435
2918;4.084055423736572;1494016000;1647984363.3143272
2919;4.093799114227295;1494528000;1647984373.3561883
2920;4.150453567504883;1495040000;1647984383.4164803
2921;4.0996880531311035;1495552000;1647984393.3947864
2922;4.101361274719238;1496064000;1647984403.3683674
2923;4.1822099685668945;1496576000;1647984413.3653703
2924;4.26063871383667;1497088000;1647984423.4286683
2925;4.15356969833374;1497600000;1647984433.4874892
2926;4.185934066772461;1498112000;1647984443.5455472
2927;4.15981388092041;1498624000;1647984453.6038237
2928;4.148329734802246;1499136000;1647984463.6681988
2929;4.117414474487305;1499648000;1647984473.7387974
2930;4.105167388916016;1500160000;1647984483.8001647
2931;4.108273029327393;1500672000;1647984493.8586483
2932;4.096632480621338;1501184000;1647984503.9253032
2933;4.117188930511475;1501696000;1647984513.9947467
2934;4.065704345703125;1502208000;1647984524.0449235
2935;4.083566665649414;1502720000;1647984534.1102128
2936;4.0819292068481445;1503232000;1647984544.124817
2937;4.201786041259766;1503744000;1647984554.188289
2938;4.173637390136719;1504256000;1647984564.2406023
2939;4.099018096923828;1504768000;1647984574.3087723
2940;4.140833854675293;1505280000;1647984584.3726544
2941;4.265337944030762;1505792000;1647984594.0690765
2942;4.195254325866699;1506304000;1647984602.874368
2943;4.16762638092041;1506816000;1647984612.8934712
2944;4.17479133605957;1507328000;1647984622.912744
2945;4.170252799987793;1507840000;1647984632.0234172
2946;4.180511951446533;1508352000;1647984639.742825
2947;4.13410758972168;1508864000;1647984649.6660082
2948;4.149510383605957;1509376000;1647984659.7155235
2949;4.176401138305664;1509888000;1647984669.7939415
2950;4.164655685424805;1510400000;1647984687.6452456
2951;4.104562282562256;1510912000;1647984696.999091
2952;4.105111122131348;1511424000;1647984707.0524163
2953;4.217276573181152;1511936000;1647984717.0639753
2954;4.152006149291992;1512448000;1647984726.9949546
2955;4.160531997680664;1512960000;1647984736.8529408
2956;4.11773157119751;1513472000;1647984746.8819175
2957;4.096696853637695;1513984000;1647984756.883797
2958;4.196161270141602;1514496000;1647984766.9455001
2959;4.194291591644287;1515008000;1647984776.9832156
2960;4.151696681976318;1515520000;1647984787.0363617
2961;4.164542198181152;1516032000;1647984797.2312248
2962;4.125164985656738;1516544000;1647984807.25051
2963;4.23606014251709;1517056000;1647984817.2560828
2964;4.139517784118652;1517568000;1647984827.2401896
2965;4.09442138671875;1518080000;1647984837.3151138
2966;4.111718654632568;1518592000;1647984847.3772953
2967;4.206159591674805;1519104000;1647984857.4253294
2968;4.226743698120117;1519616000;1647984867.4825344
2969;4.2293806076049805;1520128000;1647984877.540312
2970;4.224181175231934;1520640000;1647984887.5977757
2971;4.179971694946289;1521152000;1647984897.6614676
2972;4.29086971282959;1521664000;1647984907.7294867
2973;4.236313819885254;1522176000;1647984917.7829032
2974;4.185199737548828;1522688000;1647984927.8386252
2975;4.170499801635742;1523200000;1647984937.8932931
2976;4.1743011474609375;1523712000;1647984947.9554756
2977;4.190083980560303;1524224000;1647984958.0064805
2978;4.197256088256836;1524736000;1647984968.070582
2979;4.148609161376953;1525248000;1647984978.063428
2980;4.164120197296143;1525760000;1647984988.0864546
2981;4.112112045288086;1526272000;1647984998.1081645
2982;4.159477233886719;1526784000;1647985008.0993214
2983;4.125864028930664;1527296000;1647985018.026342
2984;4.1471381187438965;1527808000;1647985028.0257936
2985;4.119516372680664;1528320000;1647985038.0514572
2986;4.148423671722412;1528832000;1647985048.0593832
2987;4.187069416046143;1529344000;1647985058.0836303
2988;4.169921875;1529856000;1647985068.2159686
2989;4.168511390686035;1530368000;1647985078.0557852
2990;4.1378374099731445;1530880000;1647985087.93481
2991;4.127517223358154;1531392000;1647985097.4256096
2992;4.094380855560303;1531904000;1647985106.3121264
2993;4.076045989990234;1532416000;1647985116.3795805
2994;4.114052772521973;1532928000;1647985126.447737
2995;4.118462562561035;1533440000;1647985135.5742774
2996;4.09867525100708;1533952000;1647985143.39884
2997;4.094677925109863;1534464000;1647985153.1140375
2998;4.1373395919799805;1534976000;1647985163.1392646
2999;4.113794326782227;1535488000;1647985173.199511
3000;4.147239685058594;1536000000;1647985191.2244968
3001;4.218493461608887;1536512000;1647985200.5830848
3002;4.148613452911377;1537024000;1647985210.6071508
3003;4.134024143218994;1537536000;1647985220.605536
3004;4.164592266082764;1538048000;1647985230.6584017
3005;4.14244270324707;1538560000;1647985240.6863217
3006;4.1275434494018555;1539072000;1647985250.7198846
3007;4.148717880249023;1539584000;1647985260.7201617
3008;4.117761611938477;1540096000;1647985271.0009677
3009;4.162110805511475;1540608000;1647985281.146137
3010;4.134466171264648;1541120000;1647985291.313473
3011;4.158031463623047;1541632000;1647985301.3428695
3012;4.220661640167236;1542144000;1647985311.3953316
3013;4.199976921081543;1542656000;1647985321.4236007
3014;4.130744934082031;1543168000;1647985331.60935
3015;4.14900016784668;1543680000;1647985341.7399247
3016;4.106106758117676;1544192000;1647985351.872753
3017;4.125174522399902;1544704000;1647985362.0769935
3018;4.162595748901367;1545216000;1647985372.114578
3019;4.1381916999816895;1545728000;1647985382.3197625
3020;4.203094005584717;1546240000;1647985392.3348014
3021;4.107799530029297;1546752000;1647985402.3658195
3022;4.115217208862305;1547264000;1647985412.4356928
3023;4.14558219909668;1547776000;1647985422.5026095
3024;4.107502460479736;1548288000;1647985432.561849
3025;4.130703926086426;1548800000;1647985442.629659
3026;4.112020015716553;1549312000;1647985452.6879544
3027;4.112541198730469;1549824000;1647985462.7528472
3028;4.095668792724609;1550336000;1647985472.7870111
3029;4.137287139892578;1550848000;1647985482.740237
3030;4.082509517669678;1551360000;1647985492.7718496
3031;4.066599369049072;1551872000;1647985502.7590084
3032;4.101749420166016;1552384000;1647985512.7042198
3033;4.121370315551758;1552896000;1647985522.7122347
3034;4.119539260864258;1553408000;1647985532.715093
3035;4.111886501312256;1553920000;1647985542.6928737
3036;4.142991065979004;1554432000;1647985552.6831772
3037;4.103857040405273;1554944000;1647985562.7242277
3038;4.121376037597656;1555456000;1647985572.7247283
3039;4.137227535247803;1555968000;1647985582.7581046
3040;4.136828422546387;1556480000;1647985592.780229
3041;4.177847862243652;1556992000;1647985602.0110059
3042;4.194816589355469;1557504000;1647985611.3777146
3043;4.093329429626465;1558016000;1647985621.4403315
3044;4.117053985595703;1558528000;1647985631.501527
3045;4.208524703979492;1559040000;1647985640.4993167
3046;4.230045318603516;1559552000;1647985647.8506896
3047;4.100012302398682;1560064000;1647985657.9079533
3048;4.17440938949585;1560576000;1647985667.9764411
3049;4.15548038482666;1561088000;1647985678.046151
3050;4.120978355407715;1561600000;1647985696.4075038
3051;4.1069159507751465;1562112000;1647985706.059101
3052;4.159040927886963;1562624000;1647985716.121363
3053;4.165691375732422;1563136000;1647985726.1789398
3054;4.122344970703125;1563648000;1647985736.201429
3055;4.112248420715332;1564160000;1647985746.2506125
3056;4.136526107788086;1564672000;1647985756.2983923
3057;4.191978454589844;1565184000;1647985766.3576198
3058;4.226161956787109;1565696000;1647985776.4154232
3059;4.181839942932129;1566208000;1647985786.4823563
3060;4.166583061218262;1566720000;1647985796.5466273
3061;4.108936786651611;1567232000;1647985806.590683
3062;4.18764591217041;1567744000;1647985816.6417785
3063;4.14225435256958;1568256000;1647985826.6667037
3064;4.208240032196045;1568768000;1647985836.7793822
3065;4.166158676147461;1569280000;1647985846.8007805
3066;4.167056083679199;1569792000;1647985856.8362048
3067;4.088756561279297;1570304000;1647985866.8611147
3068;4.131406307220459;1570816000;1647985876.9228694
3069;4.187146186828613;1571328000;1647985886.965345
3070;4.208906650543213;1571840000;1647985897.1231804
3071;4.2011847496032715;1572352000;1647985907.4446604
3072;4.237957000732422;1572864000;1647985917.46856
3073;4.239748001098633;1573376000;1647985927.46637
3074;4.14152717590332;1573888000;1647985937.5155482
3075;4.169317722320557;1574400000;1647985947.5590477
3076;4.131645202636719;1574912000;1647985957.6127307
3077;4.135322570800781;1575424000;1647985967.6624541
3078;4.11025333404541;1575936000;1647985977.7126567
3079;4.209071159362793;1576448000;1647985987.7774022
3080;4.140807151794434;1576960000;1647985997.8253787
3081;4.117420196533203;1577472000;1647986007.8240943
3082;4.104664325714111;1577984000;1647986017.787313
3083;4.1275105476379395;1578496000;1647986027.7590013
3084;4.1987504959106445;1579008000;1647986037.7435515
3085;4.110540390014648;1579520000;1647986047.9361076
3086;4.11937952041626;1580032000;1647986057.9796112
3087;4.115453720092773;1580544000;1647986068.0145319
3088;4.099574089050293;1581056000;1647986078.0458512
3089;4.092954635620117;1581568000;1647986088.0857906
3090;4.129556655883789;1582080000;1647986098.1344216
3091;4.156744956970215;1582592000;1647986106.6909397
3092;4.108858108520508;1583104000;1647986116.5462162
3093;4.126132965087891;1583616000;1647986126.608342
3094;4.115268230438232;1584128000;1647986136.6801674
3095;4.153077125549316;1584640000;1647986145.4595397
3096;4.101478576660156;1585152000;1647986152.8192325
3097;4.151706218719482;1585664000;1647986162.894158
3098;4.140869140625;1586176000;1647986172.9234018
3099;4.173255920410156;1586688000;1647986182.9854636
3100;4.144452095031738;1587200000;1647986201.060481
3101;4.139139652252197;1587712000;1647986210.95624
3102;4.090970993041992;1588224000;1647986221.0148284
3103;4.113649368286133;1588736000;1647986231.069913
3104;4.099214553833008;1589248000;1647986241.1241167
3105;4.128224849700928;1589760000;1647986251.188483
3106;4.11320686340332;1590272000;1647986261.2483733
3107;4.165218353271484;1590784000;1647986271.30587
3108;4.128156661987305;1591296000;1647986281.37348
3109;4.1238789558410645;1591808000;1647986291.4333246
3110;4.1653523445129395;1592320000;1647986301.4831698
3111;4.160401344299316;1592832000;1647986311.5432966
3112;4.136788845062256;1593344000;1647986321.6064646
3113;4.235487937927246;1593856000;1647986331.6537242
3114;4.236053943634033;1594368000;1647986341.72341
3115;4.178238391876221;1594880000;1647986351.8029556
3116;4.155048370361328;1595392000;1647986361.8784802
3117;4.110266208648682;1595904000;1647986371.927896
3118;4.146368026733398;1596416000;1647986381.9931262
3119;4.161337375640869;1596928000;1647986392.0462027
3120;4.197193145751953;1597440000;1647986402.116917
3121;4.189831733703613;1597952000;1647986412.1787462
3122;4.174544334411621;1598464000;1647986422.2384531
3123;4.165794372558594;1598976000;1647986432.3035214
3124;4.1730265617370605;1599488000;1647986442.356005
3125;4.160189151763916;1600000000;1647986452.375654
3126;4.133979797363281;1600512000;1647986462.4449668
3127;4.172597885131836;1601024000;1647986472.50553
3128;4.186411380767822;1601536000;1647986482.5653317
3129;4.165849685668945;1602048000;1647986492.6274095
3130;4.182558059692383;1602560000;1647986502.6935928
3131;4.151466369628906;1603072000;1647986512.7148004
3132;4.109968662261963;1603584000;1647986522.7637744
3133;4.087884902954102;1604096000;1647986532.813022
3134;4.141486167907715;1604608000;1647986542.8722577
3135;4.188028812408447;1605120000;1647986553.0905406
3136;4.188869476318359;1605632000;1647986563.130756
3137;4.135828971862793;1606144000;1647986573.1756842
3138;4.208694934844971;1606656000;1647986583.238041
3139;4.121904373168945;1607168000;1647986593.3055782
3140;4.082683563232422;1607680000;1647986603.3016148
3141;4.170212268829346;1608192000;1647986611.75681
3142;4.224006652832031;1608704000;1647986621.838172
3143;4.201401233673096;1609216000;1647986631.9076567
3144;4.188887119293213;1609728000;1647986641.9640975
3145;4.125037670135498;1610240000;1647986650.790258
3146;4.146358489990234;1610752000;1647986657.7780743
3147;4.132115364074707;1611264000;1647986667.655807
3148;4.109316825866699;1611776000;1647986677.6634338
3149;4.098283290863037;1612288000;1647986687.5644982
3150;4.122751712799072;1612800000;1647986705.7284834
3151;4.095005989074707;1613312000;1647986715.6446607
3152;4.073413372039795;1613824000;1647986725.7006698
3153;4.095276355743408;1614336000;1647986735.6942472
3154;4.113627910614014;1614848000;1647986745.5528476
3155;4.1236982345581055;1615360000;1647986755.4796524
3156;4.105035781860352;1615872000;1647986765.3362842
3157;4.120616912841797;1616384000;1647986775.3553896
3158;4.116985321044922;1616896000;1647986785.246948
3159;4.109748840332031;1617408000;1647986795.2334933
3160;4.0947771072387695;1617920000;1647986805.2439153
3161;4.110621929168701;1618432000;1647986815.288616
3162;4.147817611694336;1618944000;1647986825.3558862
3163;4.187067985534668;1619456000;1647986835.4106135
3164;4.182199954986572;1619968000;1647986845.5166054
3165;4.095006942749023;1620480000;1647986855.6854599
3166;4.183019638061523;1620992000;1647986865.709336
3167;4.18199348449707;1621504000;1647986875.69251
3168;4.161306858062744;1622016000;1647986885.6038423
3169;4.119001388549805;1622528000;1647986895.6649911
3170;4.1407060623168945;1623040000;1647986905.7445204
3171;4.153512477874756;1623552000;1647986915.9862902
3172;4.163113594055176;1624064000;1647986926.2062948
3173;4.139066696166992;1624576000;1647986936.2290065
3174;4.2407450675964355;1625088000;1647986946.2100813
3175;4.175723552703857;1625600000;1647986956.2198136
3176;4.214793682098389;1626112000;1647986966.284517
3177;4.149764060974121;1626624000;1647986976.2656698
3178;4.176992893218994;1627136000;1647986986.2653081
3179;4.167172431945801;1627648000;1647986996.2291753
3180;4.141784191131592;1628160000;1647987006.2236986
3181;4.134974479675293;1628672000;1647987016.2440908
3182;4.116235733032227;1629184000;1647987026.2813342
3183;4.105620384216309;1629696000;1647987036.3359268
3184;4.141289710998535;1630208000;1647987046.3804674
3185;4.130815505981445;1630720000;1647987056.4217405
3186;4.1254119873046875;1631232000;1647987066.4647546
3187;4.0787577629089355;1631744000;1647987076.445959
3188;4.124396800994873;1632256000;1647987086.4623628
3189;4.152770042419434;1632768000;1647987096.4577606
3190;4.135293960571289;1633280000;1647987106.4158704
3191;4.1817450523376465;1633792000;1647987114.8905523
3192;4.171515464782715;1634304000;1647987125.030495
3193;4.178708076477051;1634816000;1647987135.1092377
3194;4.160464286804199;1635328000;1647987145.1875947
3195;4.156237602233887;1635840000;1647987154.9348104
3196;4.112048149108887;1636352000;1647987162.220669
3197;4.155906677246094;1636864000;1647987171.8276079
3198;4.124897003173828;1637376000;1647987181.8890445
3199;4.149604797363281;1637888000;1647987191.9093013
3200;4.19027042388916;1638400000;1647987210.23635
3201;4.173334121704102;1638912000;1647987220.3915322
3202;4.203544616699219;1639424000;1647987230.590528
3203;4.175199508666992;1639936000;1647987240.8192601
3204;4.219388961791992;1640448000;1647987250.8726377
3205;4.262372016906738;1640960000;1647987260.9295993
3206;4.188841819763184;1641472000;1647987271.0129173
3207;4.244537353515625;1641984000;1647987281.0740976
3208;4.206396579742432;1642496000;1647987291.1420538
3209;4.169780731201172;1643008000;1647987301.2210207
3210;4.166370391845703;1643520000;1647987311.282382
3211;4.144890785217285;1644032000;1647987321.3554075
3212;4.154825210571289;1644544000;1647987331.747135
3213;4.199602127075195;1645056000;1647987341.8074386
3214;4.229964256286621;1645568000;1647987351.8809285
3215;4.158069610595703;1646080000;1647987361.9296145
3216;4.1287126541137695;1646592000;1647987371.9965281
3217;4.1442670822143555;1647104000;1647987382.0383115
3218;4.182785511016846;1647616000;1647987392.0930731
3219;4.20375919342041;1648128000;1647987402.144259
3220;4.1537322998046875;1648640000;1647987412.2131977
3221;4.192652702331543;1649152000;1647987422.2973683
3222;4.152741432189941;1649664000;1647987432.3662684
3223;4.245865345001221;1650176000;1647987442.4306638
3224;4.14176082611084;1650688000;1647987452.3858528
3225;4.167101860046387;1651200000;1647987462.3518035
3226;4.092128276824951;1651712000;1647987472.3453906
3227;4.094902992248535;1652224000;1647987482.3864124
3228;4.091506004333496;1652736000;1647987492.4483695
3229;4.134545803070068;1653248000;1647987502.5154867
3230;4.160367965698242;1653760000;1647987512.5793357
3231;4.125123977661133;1654272000;1647987522.647488
3232;4.1356730461120605;1654784000;1647987532.6926544
3233;4.162995338439941;1655296000;1647987542.736946
3234;4.093708038330078;1655808000;1647987552.7868016
3235;4.111632347106934;1656320000;1647987562.8072028
3236;4.158609390258789;1656832000;1647987572.8303583
3237;4.126078128814697;1657344000;1647987582.7697065
3238;4.146749496459961;1657856000;1647987592.7141764
3239;4.093782424926758;1658368000;1647987602.724782
3240;4.217714309692383;1658880000;1647987612.2563531
3241;4.1948394775390625;1659392000;1647987621.2312026
3242;4.189209938049316;1659904000;1647987631.296774
3243;4.224068641662598;1660416000;1647987641.3771238
3244;4.272200107574463;1660928000;1647987651.446934
3245;4.162391185760498;1661440000;1647987660.821119
3246;4.129677772521973;1661952000;1647987667.8430805
3247;4.183349609375;1662464000;1647987678.0845912
3248;4.1417341232299805;1662976000;1647987688.1589043
3249;4.115863800048828;1663488000;1647987698.228826
3250;4.125796318054199;1664000000;1647987716.1433382
3251;4.153717994689941;1664512000;1647987726.201705
3252;4.14567232131958;1665024000;1647987736.293191
3253;4.137088298797607;1665536000;1647987746.3277707
3254;4.171645641326904;1666048000;1647987756.3223248
3255;4.12807559967041;1666560000;1647987766.3280911
3256;4.1770453453063965;1667072000;1647987776.6828928
3257;4.1463518142700195;1667584000;1647987786.6976233
3258;4.122576713562012;1668096000;1647987796.7221026
3259;4.155892372131348;1668608000;1647987806.7070448
3260;4.113593101501465;1669120000;1647987816.6842077
3261;4.171189308166504;1669632000;1647987826.695405
3262;4.143687725067139;1670144000;1647987836.7740533
3263;4.11705207824707;1670656000;1647987846.948911
3264;4.125056266784668;1671168000;1647987856.938176
3265;4.147350311279297;1671680000;1647987866.956731
3266;4.10471248626709;1672192000;1647987876.9574187
3267;4.128438472747803;1672704000;1647987886.9484994
3268;4.159040451049805;1673216000;1647987896.952873
3269;4.129260063171387;1673728000;1647987906.9269278
3270;4.198306560516357;1674240000;1647987917.0755932
3271;4.2250189781188965;1674752000;1647987927.2783139
3272;4.195621490478516;1675264000;1647987937.3131902
3273;4.139288902282715;1675776000;1647987947.4752235
3274;4.202507019042969;1676288000;1647987957.4945693
3275;4.1672797203063965;1676800000;1647987967.5039868
3276;4.202206611633301;1677312000;1647987977.507957
3277;4.1763105392456055;1677824000;1647987987.6431725
3278;4.1798882484436035;1678336000;1647987997.8891075
3279;4.1249895095825195;1678848000;1647988007.948332
3280;4.1701273918151855;1679360000;1647988018.0207121
3281;4.149734020233154;1679872000;1647988028.0851755
3282;4.049892425537109;1680384000;1647988038.1502488
3283;4.093092918395996;1680896000;1647988048.1992335
3284;4.082524299621582;1681408000;1647988058.2536952
3285;4.0513787269592285;1681920000;1647988068.3330252
3286;4.090895652770996;1682432000;1647988078.4088855
3287;4.069443702697754;1682944000;1647988088.444872
3288;4.085813522338867;1683456000;1647988098.5087595
3289;4.087018013000488;1683968000;1647988108.5678306
3290;4.08967399597168;1684480000;1647988117.3275664
3291;4.100678443908691;1684992000;1647988127.082099
3292;4.072999000549316;1685504000;1647988137.1543143
3293;4.087319374084473;1686016000;1647988147.1845894
3294;4.114389419555664;1686528000;1647988157.220197
3295;4.185024738311768;1687040000;1647988166.2065465
3296;4.187872409820557;1687552000;1647988173.1570733
3297;4.191196918487549;1688064000;1647988183.2358444
3298;4.142541885375977;1688576000;1647988193.2917461
3299;4.170926570892334;1689088000;1647988203.3444498
3300;4.2117719650268555;1689600000;1647988220.9479153
3301;4.12404727935791;1690112000;1647988230.7758315
3302;4.142329216003418;1690624000;1647988240.8246727
3303;4.07817268371582;1691136000;1647988250.8876743
3304;4.109506607055664;1691648000;1647988260.9372926
3305;4.13148307800293;1692160000;1647988270.9767504
3306;4.130197525024414;1692672000;1647988281.041323
3307;4.184604644775391;1693184000;1647988291.111558
3308;4.182694911956787;1693696000;1647988301.1924083
3309;4.179434776306152;1694208000;1647988311.2669537
3310;4.153594970703125;1694720000;1647988321.4595628
3311;4.14214563369751;1695232000;1647988331.4948945
3312;4.220523834228516;1695744000;1647988341.5654051
3313;4.127580165863037;1696256000;1647988351.629869
3314;4.187189102172852;1696768000;1647988361.6951685
3315;4.116159915924072;1697280000;1647988371.7581456
3316;4.182891368865967;1697792000;1647988381.820989
3317;4.11452579498291;1698304000;1647988391.8498783
3318;4.082198143005371;1698816000;1647988401.902326
3319;4.117563724517822;1699328000;1647988411.9461737
3320;4.123686790466309;1699840000;1647988422.0132558
3321;4.126319885253906;1700352000;1647988432.0941596
3322;4.118601322174072;1700864000;1647988442.1761842
3323;4.148213863372803;1701376000;1647988452.207818
3324;4.0980095863342285;1701888000;1647988462.1652825
3325;4.103238105773926;1702400000;1647988472.186833
3326;4.089170455932617;1702912000;1647988482.2206323
3327;4.072999000549316;1703424000;1647988492.286537
3328;4.14015007019043;1703936000;1647988502.347542
3329;4.093211650848389;1704448000;1647988512.4006882
3330;4.06550931930542;1704960000;1647988522.467449
3331;4.132014274597168;1705472000;1647988532.5351844
3332;4.074585914611816;1705984000;1647988542.4671772
3333;4.107115268707275;1706496000;1647988552.488836
3334;4.101783752441406;1707008000;1647988562.563325
3335;4.172019958496094;1707520000;1647988572.5811212
3336;4.127654075622559;1708032000;1647988582.5879967
3337;4.124530792236328;1708544000;1647988592.6507423
3338;4.112309455871582;1709056000;1647988602.6850948
3339;4.098052501678467;1709568000;1647988612.5758274
3340;4.094912528991699;1710080000;1647988620.975862
3341;4.131389141082764;1710592000;1647988631.0300124
3342;4.127420425415039;1711104000;1647988641.0337527
3343;4.072371482849121;1711616000;1647988651.1126218
3344;4.153024673461914;1712128000;1647988661.184775
3345;4.1294403076171875;1712640000;1647988670.2508707
3346;4.210638046264648;1713152000;1647988676.816598
3347;4.1939802169799805;1713664000;1647988686.3463912
3348;4.133376121520996;1714176000;1647988696.2063928
3349;4.128420829772949;1714688000;1647988706.1282809
3350;4.142115592956543;1715200000;1647988724.184534
3351;4.186124324798584;1715712000;1647988732.773448
3352;4.103501319885254;1716224000;1647988742.7893157
3353;4.160345077514648;1716736000;1647988752.8076308
3354;4.144625663757324;1717248000;1647988762.8081677
3355;4.152077674865723;1717760000;1647988772.6257632
3356;4.075618267059326;1718272000;1647988782.4875362
3357;4.090878486633301;1718784000;1647988792.4567351
3358;4.1399970054626465;1719296000;1647988802.260346
3359;4.124301910400391;1719808000;1647988812.2343993
3360;4.152803421020508;1720320000;1647988822.209002
3361;4.163561820983887;1720832000;1647988832.2959208
3362;4.12295389175415;1721344000;1647988842.3629193
3363;4.184701919555664;1721856000;1647988852.372267
3364;4.160902976989746;1722368000;1647988862.446882
3365;4.175629615783691;1722880000;1647988872.4828877
3366;4.098640441894531;1723392000;1647988882.5293546
3367;4.1909308433532715;1723904000;1647988892.5917282
3368;4.143749237060547;1724416000;1647988902.6551633
3369;4.200234413146973;1724928000;1647988912.7205682
3370;4.226695537567139;1725440000;1647988922.7858007
3371;4.181138038635254;1725952000;1647988932.8425584
3372;4.208417892456055;1726464000;1647988942.89534
3373;4.251709461212158;1726976000;1647988952.9237735
3374;4.180914878845215;1727488000;1647988962.8960636
3375;4.201204776763916;1728000000;1647988972.9604483
3376;4.166821002960205;1728512000;1647988983.0251918
3377;4.177822113037109;1729024000;1647988993.0887725
3378;4.161542892456055;1729536000;1647989003.123542
3379;4.171358585357666;1730048000;1647989013.1741436
3380;4.167288780212402;1730560000;1647989023.235391
3381;4.171193599700928;1731072000;1647989033.1704147
3382;4.146783828735352;1731584000;1647989043.0879238
3383;4.153914451599121;1732096000;1647989053.1459417
3384;4.157066345214844;1732608000;1647989063.2096667
3385;4.171563625335693;1733120000;1647989073.2853484
3386;4.167267799377441;1733632000;1647989083.3578608
3387;4.234759330749512;1734144000;1647989093.4130046
3388;4.119698524475098;1734656000;1647989103.4819677
3389;4.148412704467773;1735168000;1647989113.5332654
3390;4.131361961364746;1735680000;1647989122.3014603
3391;4.103065490722656;1736192000;1647989132.0337305
3392;4.112987518310547;1736704000;1647989142.1182666
3393;4.124147415161133;1737216000;1647989152.176926
3394;4.1460652351379395;1737728000;1647989162.2470853
3395;4.124363899230957;1738240000;1647989172.272816
3396;4.155570030212402;1738752000;1647989180.1585
3397;4.1641950607299805;1739264000;1647989188.3491156
3398;4.17533016204834;1739776000;1647989198.5216055
3399;4.117062568664551;1740288000;1647989208.6038635
3400;4.128409385681152;1740800000;1647989226.8097057
3401;4.100488662719727;1741312000;1647989235.3952866
3402;4.135848045349121;1741824000;1647989245.1977322
3403;4.135315418243408;1742336000;1647989255.230674
3404;4.1256818771362305;1742848000;1647989265.3049269
3405;4.124667167663574;1743360000;1647989275.3142965
3406;4.0953145027160645;1743872000;1647989285.319816
3407;4.143359184265137;1744384000;1647989295.2658806
3408;4.10803747177124;1744896000;1647989305.2721953
3409;4.156333923339844;1745408000;1647989315.2728827
3410;4.20649528503418;1745920000;1647989325.2163682
3411;4.152557373046875;1746432000;1647989335.162435
3412;4.142737865447998;1746944000;1647989345.1268528
3413;4.217069625854492;1747456000;1647989355.0805645
3414;4.153600692749023;1747968000;1647989365.0066712
3415;4.113431930541992;1748480000;1647989375.0104604
3416;4.170895576477051;1748992000;1647989385.0622842
3417;4.098537445068359;1749504000;1647989395.0765655
3418;4.130136489868164;1750016000;1647989405.1360223
3419;4.099720478057861;1750528000;1647989415.2123082
3420;4.149330139160156;1751040000;1647989425.2815378
3421;4.122490882873535;1751552000;1647989435.1576016
3422;4.196297645568848;1752064000;1647989445.1731086
3423;4.167875289916992;1752576000;1647989455.2397594
3424;4.174878120422363;1753088000;1647989465.253401
3425;4.1697587966918945;1753600000;1647989475.347448
3426;4.118749141693115;1754112000;1647989485.3770115
3427;4.1319990158081055;1754624000;1647989495.340828
3428;4.143326759338379;1755136000;1647989505.3246052
3429;4.074690818786621;1755648000;1647989515.370922
3430;4.135329246520996;1756160000;1647989525.3442504
3431;4.162745952606201;1756672000;1647989535.3269951
3432;4.135448932647705;1757184000;1647989545.3993762
3433;4.136962890625;1757696000;1647989555.614963
3434;4.12019681930542;1758208000;1647989565.6381097
3435;4.227521896362305;1758720000;1647989575.6934206
3436;4.236973762512207;1759232000;1647989585.6370106
3437;4.142708778381348;1759744000;1647989595.5749512
3438;4.14530086517334;1760256000;1647989605.5968735
3439;4.16494607925415;1760768000;1647989615.6142046
3440;4.107531547546387;1761280000;1647989624.1647606
3441;4.122688293457031;1761792000;1647989633.6046367
3442;4.132077693939209;1762304000;1647989643.4825284
3443;4.19902229309082;1762816000;1647989653.5552328
3444;4.179619312286377;1763328000;1647989663.4341345
3445;4.236655235290527;1763840000;1647989673.963204
3446;4.219588279724121;1764352000;1647989683.6604247
3447;4.176572799682617;1764864000;1647989690.9112864
3448;4.142526626586914;1765376000;1647989700.6688063
3449;4.177258491516113;1765888000;1647989710.6743624
3450;4.176722526550293;1766400000;1647989730.4629738
3451;4.187723636627197;1766912000;1647989739.845441
3452;4.130425930023193;1767424000;1647989749.170016
3453;4.134552955627441;1767936000;1647989759.236474
3454;4.147774696350098;1768448000;1647989769.2625792
3455;4.13946533203125;1768960000;1647989779.2993705
3456;4.094575881958008;1769472000;1647989789.3431993
3457;4.098762512207031;1769984000;1647989799.3289976
3458;4.128962993621826;1770496000;1647989809.358161
3459;4.152024745941162;1771008000;1647989819.384557
3460;4.21200704574585;1771520000;1647989829.3651505
3461;4.141935348510742;1772032000;1647989839.3501794
3462;4.138172149658203;1772544000;1647989849.3623345
3463;4.139632225036621;1773056000;1647989859.388935
3464;4.126911163330078;1773568000;1647989869.437288
3465;4.101896286010742;1774080000;1647989879.5893557
3466;4.096402168273926;1774592000;1647989889.5839822
3467;4.1529412269592285;1775104000;1647989899.6071851
3468;4.153180122375488;1775616000;1647989909.4266253
3469;4.135820388793945;1776128000;1647989919.3827963
3470;4.1440749168396;1776640000;1647989929.3603702
3471;4.14984655380249;1777152000;1647989939.247822
3472;4.093913555145264;1777664000;1647989948.9929876
3473;4.110806941986084;1778176000;1647989958.7788496
3474;4.176374435424805;1778688000;1647989968.7434022
3475;4.169160842895508;1779200000;1647989978.7829719
3476;4.159607887268066;1779712000;1647989988.789449
3477;4.147738456726074;1780224000;1647989998.864441
3478;4.14240026473999;1780736000;1647990008.862051
3479;4.119960784912109;1781248000;1647990018.941722
3480;4.1335554122924805;1781760000;1647990028.9928765
3481;4.157950401306152;1782272000;1647990038.9663138
3482;4.138216495513916;1782784000;1647990049.0271473
3483;4.172830581665039;1783296000;1647990059.0896666
3484;4.149178981781006;1783808000;1647990069.0461855
3485;4.129839897155762;1784320000;1647990078.6702733
3486;4.125476837158203;1784832000;1647990088.6198983
3487;4.161459922790527;1785344000;1647990098.587834
3488;4.119902610778809;1785856000;1647990108.6526353
3489;4.16276741027832;1786368000;1647990118.6279905
3490;4.104409694671631;1786880000;1647990127.259983
3491;4.172268867492676;1787392000;1647990137.4764106
3492;4.192919731140137;1787904000;1647990147.3882124
3493;4.107517719268799;1788416000;1647990157.444699
3494;4.181654453277588;1788928000;1647990167.4820037
3495;4.153936386108398;1789440000;1647990177.5246239
3496;4.11461877822876;1789952000;1647990186.6975348
3497;4.111187934875488;1790464000;1647990195.6705172
3498;4.096468925476074;1790976000;1647990203.9213905
3499;4.109158039093018;1791488000;1647990214.1421494
3500;4.168534278869629;1792000000;1647990232.4814339
3501;4.1656575202941895;1792512000;1647990242.5144737
3502;4.119717597961426;1793024000;1647990251.378506
3503;4.092041969299316;1793536000;1647990260.779645
3504;4.095308303833008;1794048000;1647990270.8095741
3505;4.132123947143555;1794560000;1647990280.8813033
3506;4.074136734008789;1795072000;1647990291.1149485
3507;4.094392776489258;1795584000;1647990301.1636415
3508;4.114712715148926;1796096000;1647990311.168802
3509;4.133561134338379;1796608000;1647990321.165608
3510;4.171136856079102;1797120000;1647990331.115213
3511;4.146814346313477;1797632000;1647990341.1560998
3512;4.126938819885254;1798144000;1647990351.1848345
3513;4.122074127197266;1798656000;1647990361.2038562
3514;4.155853271484375;1799168000;1647990371.1704266
3515;4.151007652282715;1799680000;1647990381.3287973
3516;4.150695323944092;1800192000;1647990391.3297484
3517;4.169347763061523;1800704000;1647990401.2620854
3518;4.172512054443359;1801216000;1647990411.176599
3519;4.185921669006348;1801728000;1647990421.130032
3520;4.1179633140563965;1802240000;1647990431.0190966
3521;4.178625106811523;1802752000;1647990440.885424
3522;4.188417911529541;1803264000;1647990450.9091456
3523;4.237360954284668;1803776000;1647990460.9201083
3524;4.186629295349121;1804288000;1647990470.911741
3525;4.165806770324707;1804800000;1647990480.941962
3526;4.205465793609619;1805312000;1647990490.9060056
3527;4.157784938812256;1805824000;1647990500.940652
3528;4.154326438903809;1806336000;1647990511.1623833
3529;4.194832801818848;1806848000;1647990521.1604743
3530;4.200608730316162;1807360000;1647990531.1271162
3531;4.191230773925781;1807872000;1647990541.1979408
3532;4.121482849121094;1808384000;1647990551.1711311
3533;4.120234966278076;1808896000;1647990561.1797957
3534;4.123142242431641;1809408000;1647990571.1950457
3535;4.120723247528076;1809920000;1647990581.2308154
3536;4.186380863189697;1810432000;1647990591.2782512
3537;4.139235973358154;1810944000;1647990601.3501136
3538;4.10043478012085;1811456000;1647990611.5140808
3539;4.1018524169921875;1811968000;1647990621.499034
3540;4.115870475769043;1812480000;1647990629.849934
3541;4.09678840637207;1812992000;1647990639.9212499
3542;4.105920314788818;1813504000;1647990649.9969625
3543;4.149610996246338;1814016000;1647990659.9663913
3544;4.1495442390441895;1814528000;1647990670.1100225
3545;4.114054203033447;1815040000;1647990680.0250242
3546;4.121942520141602;1815552000;1647990689.1079478
3547;4.180881500244141;1816064000;1647990698.4521763
3548;4.135181427001953;1816576000;1647990708.3298283
3549;4.144149303436279;1817088000;1647990716.4603431
3550;4.121042251586914;1817600000;1647990734.7381327
3551;4.130859851837158;1818112000;1647990744.8544443
3552;4.12436580657959;1818624000;1647990754.6303413
3553;4.163509368896484;1819136000;1647990763.2483952
3554;4.148532390594482;1819648000;1647990773.3049235
3555;4.175807952880859;1820160000;1647990783.3846076
3556;4.114733695983887;1820672000;1647990793.439564
3557;4.125357151031494;1821184000;1647990803.450125
3558;4.153488636016846;1821696000;1647990813.5272279
3559;4.106319427490234;1822208000;1647990823.5714278
3560;4.154206275939941;1822720000;1647990833.5515096
3561;4.173715591430664;1823232000;1647990843.5689452
3562;4.168797969818115;1823744000;1647990853.5554206
3563;4.116552352905273;1824256000;1647990863.5473979
3564;4.1176605224609375;1824768000;1647990873.5595024
3565;4.135861396789551;1825280000;1647990883.6160247
3566;4.134200096130371;1825792000;1647990893.6820595
3567;4.13947868347168;1826304000;1647990903.7471123
3568;4.135611534118652;1826816000;1647990913.8027132
3569;4.179984092712402;1827328000;1647990923.8275528
3570;4.08679723739624;1827840000;1647990933.822777
3571;4.094717025756836;1828352000;1647990943.8010497
3572;4.112753391265869;1828864000;1647990953.822742
3573;4.074870586395264;1829376000;1647990963.8092914
3574;4.136223316192627;1829888000;1647990973.818942
3575;4.138607501983643;1830400000;1647990983.8390467
3576;4.104207992553711;1830912000;1647990993.8520026
3577;4.129441261291504;1831424000;1647991003.8851953
3578;4.107339859008789;1831936000;1647991013.8858602
3579;4.099046230316162;1832448000;1647991023.8539588
3580;4.080844879150391;1832960000;1647991033.7844822
3581;4.083579063415527;1833472000;1647991043.8305693
3582;4.124955177307129;1833984000;1647991053.8678665
3583;4.084327697753906;1834496000;1647991063.9355507
3584;4.194021701812744;1835008000;1647991074.004271
3585;4.151941776275635;1835520000;1647991084.0662534
3586;4.181227684020996;1836032000;1647991094.124223
3587;4.180850982666016;1836544000;1647991104.190999
3588;4.159309387207031;1837056000;1647991114.2786667
3589;4.158168792724609;1837568000;1647991124.3544745
3590;4.129929065704346;1838080000;1647991132.8688817
3591;4.109491348266602;1838592000;1647991142.7585652
3592;4.148013114929199;1839104000;1647991152.818098
3593;4.103091239929199;1839616000;1647991162.8844213
3594;4.067655563354492;1840128000;1647991172.9452057
3595;4.102457046508789;1840640000;1647991183.0038245
3596;4.140677452087402;1841152000;1647991192.2767427
3597;4.12546443939209;1841664000;1647991201.4916258
3598;4.116358280181885;1842176000;1647991211.579088
3599;4.152518272399902;1842688000;1647991220.0895514
3600;4.1463704109191895;1843200000;1647991238.126046
3601;4.118241310119629;1843712000;1647991248.183164
3602;4.123177528381348;1844224000;1647991258.123264
3603;4.117396831512451;1844736000;1647991266.4807281
3604;4.107589244842529;1845248000;1647991276.5295272
3605;4.0879807472229;1845760000;1647991286.6002061
3606;4.157113552093506;1846272000;1647991296.6614625
3607;4.161859035491943;1846784000;1647991306.7165742
3608;4.1461005210876465;1847296000;1647991316.7717142
3609;4.222848415374756;1847808000;1647991326.8335962
3610;4.168210506439209;1848320000;1647991336.9001486
3611;4.176499366760254;1848832000;1647991346.9086263
3612;4.143438339233398;1849344000;1647991356.9448957
3613;4.1639299392700195;1849856000;1647991366.9945772
3614;4.118160247802734;1850368000;1647991377.0174592
3615;4.172793388366699;1850880000;1647991387.0782151
3616;4.186102867126465;1851392000;1647991397.1398673
3617;4.1773481369018555;1851904000;1647991407.188225
3618;4.1409735679626465;1852416000;1647991417.2402313
3619;4.151486396789551;1852928000;1647991427.2789028
3620;4.110203742980957;1853440000;1647991437.326699
3621;4.142350673675537;1853952000;1647991447.358756
3622;4.151411056518555;1854464000;1647991457.5532699
3623;4.158541679382324;1854976000;1647991467.617553
3624;4.213491916656494;1855488000;1647991478.04154
3625;4.194386005401611;1856000000;1647991488.2600331
3626;4.219667434692383;1856512000;1647991498.3089094
3627;4.112939834594727;1857024000;1647991508.357948
3628;4.127198219299316;1857536000;1647991518.3631608
3629;4.147497177124023;1858048000;1647991528.3863015
3630;4.146544933319092;1858560000;1647991538.4301915
3631;4.114624977111816;1859072000;1647991548.4703808
3632;4.127467155456543;1859584000;1647991558.4954338
3633;4.156733512878418;1860096000;1647991568.5347226
3634;4.131112575531006;1860608000;1647991578.5547638
3635;4.1271867752075195;1861120000;1647991588.582751
3636;4.139853477478027;1861632000;1647991598.6044877
3637;4.162527084350586;1862144000;1647991608.6414008
3638;4.132813930511475;1862656000;1647991618.6683536
3639;4.11372184753418;1863168000;1647991628.6990294
3640;4.140732765197754;1863680000;1647991637.2067246
3641;4.115382194519043;1864192000;1647991647.1605308
3642;4.144540786743164;1864704000;1647991657.1457288
3643;4.213224411010742;1865216000;1647991667.172532
3644;4.095319747924805;1865728000;1647991677.10349
3645;4.143478870391846;1866240000;1647991687.1471667
3646;4.140403747558594;1866752000;1647991696.5810332
3647;4.14510440826416;1867264000;1647991705.390645
3648;4.127117156982422;1867776000;1647991715.3978252
3649;4.121639251708984;1868288000;1647991723.9179907
3650;4.134201526641846;1868800000;1647991741.9066966
3651;4.143651962280273;1869312000;1647991751.9948683
3652;4.158145904541016;1869824000;1647991761.9706092
3653;4.0803704261779785;1870336000;1647991770.3585477
3654;4.101879596710205;1870848000;1647991780.3065774
3655;4.157662868499756;1871360000;1647991790.403381
3656;4.121255874633789;1871872000;1647991800.4679854
3657;4.102350234985352;1872384000;1647991810.5251977
3658;4.126441478729248;1872896000;1647991820.581349
3659;4.123021125793457;1873408000;1647991830.6573977
3660;4.198105812072754;1873920000;1647991840.7244968
3661;4.213593482971191;1874432000;1647991850.780038
3662;4.154878616333008;1874944000;1647991860.8505924
3663;4.167426109313965;1875456000;1647991870.8650384
3664;4.18134880065918;1875968000;1647991880.9000082
3665;4.142238616943359;1876480000;1647991890.9287689
3666;4.161938667297363;1876992000;1647991900.9161925
3667;4.2100324630737305;1877504000;1647991910.9072697
3668;4.2015790939331055;1878016000;1647991921.096771
3669;4.19985818862915;1878528000;1647991931.0936205
3670;4.200688362121582;1879040000;1647991941.1349146
3671;4.2256646156311035;1879552000;1647991951.17076
3672;4.169405937194824;1880064000;1647991961.2096524
3673;4.2078962326049805;1880576000;1647991971.2399917
3674;4.156388282775879;1881088000;1647991981.2715485
3675;4.175601005554199;1881600000;1647991991.2829862
3676;4.228994369506836;1882112000;1647992001.2919543
3677;4.208242416381836;1882624000;1647992011.2787697
3678;4.258383274078369;1883136000;1647992021.2731504
3679;4.196348190307617;1883648000;1647992031.181879
3680;4.115306377410889;1884160000;1647992041.1429343
3681;4.13654899597168;1884672000;1647992051.1259382
3682;4.132814407348633;1885184000;1647992061.0532644
3683;4.124303340911865;1885696000;1647992071.0310016
3684;4.142006874084473;1886208000;1647992081.0646665
3685;4.126980781555176;1886720000;1647992091.1421957
3686;4.174027442932129;1887232000;1647992101.2184744
3687;4.133426666259766;1887744000;1647992111.293829
3688;4.148794174194336;1888256000;1647992121.3457253
3689;4.15410041809082;1888768000;1647992131.577017
3690;4.131697654724121;1889280000;1647992140.5716414
3691;4.130744934082031;1889792000;1647992149.9403076
3692;4.115333557128906;1890304000;1647992159.9438002
3693;4.129968643188477;1890816000;1647992169.973653
3694;4.085394859313965;1891328000;1647992180.0590122
3695;4.130973815917969;1891840000;1647992190.0474818
3696;4.111701965332031;1892352000;1647992199.9658687
3697;4.127336502075195;1892864000;1647992208.6280906
3698;4.120001792907715;1893376000;1647992218.3044703
3699;4.119327545166016;1893888000;1647992226.938178
3700;4.082005977630615;1894400000;1647992244.7533197
3701;4.065155029296875;1894912000;1647992254.831461
3702;4.0948309898376465;1895424000;1647992264.889523
3703;4.101319313049316;1895936000;1647992273.3294778
3704;4.137362480163574;1896448000;1647992283.3530781
3705;4.1498799324035645;1896960000;1647992293.4041631
3706;4.1636247634887695;1897472000;1647992303.4338708
3707;4.0825090408325195;1897984000;1647992313.4788578
3708;4.090436935424805;1898496000;1647992323.4909046
3709;4.1169514656066895;1899008000;1647992333.5207355
3710;4.105888843536377;1899520000;1647992343.5467062
3711;4.130722999572754;1900032000;1647992353.5855453
3712;4.0978899002075195;1900544000;1647992363.5694854
3713;4.111483097076416;1901056000;1647992373.5106864
3714;4.078479290008545;1901568000;1647992383.4213028
3715;4.114513874053955;1902080000;1647992393.4814017
3716;4.1637420654296875;1902592000;1647992403.4633744
3717;4.068964004516602;1903104000;1647992413.4958808
3718;4.074160575866699;1903616000;1647992423.522667
3719;4.074810028076172;1904128000;1647992433.5339274
3720;4.132213592529297;1904640000;1647992443.5433352
3721;4.133868217468262;1905152000;1647992453.4985538
3722;4.126999855041504;1905664000;1647992463.522725
3723;4.125385284423828;1906176000;1647992473.5859864
3724;4.0798420906066895;1906688000;1647992483.6495585
3725;4.129151344299316;1907200000;1647992493.6807141
3726;4.090902805328369;1907712000;1647992503.6945276
3727;4.144017219543457;1908224000;1647992513.716937
3728;4.10555362701416;1908736000;1647992523.6665149
3729;4.097969055175781;1909248000;1647992533.6395857
3730;4.0847368240356445;1909760000;1647992543.8501363
3731;4.141758918762207;1910272000;1647992553.911969
3732;4.148288726806641;1910784000;1647992563.9731042
3733;4.122828960418701;1911296000;1647992573.981464
3734;4.1209893226623535;1911808000;1647992583.9807858
3735;4.123194694519043;1912320000;1647992593.998133
3736;4.096523284912109;1912832000;1647992603.939076
3737;4.1380462646484375;1913344000;1647992613.953376
3738;4.1842803955078125;1913856000;1647992624.000445
3739;4.141420841217041;1914368000;1647992634.068582
3740;4.166623115539551;1914880000;1647992643.6715431
3741;4.121193885803223;1915392000;1647992652.493915
3742;4.100512504577637;1915904000;1647992662.4900415
3743;4.159641742706299;1916416000;1647992672.5014505
3744;4.126152038574219;1916928000;1647992682.5318825
3745;4.122738361358643;1917440000;1647992692.559343
3746;4.184096336364746;1917952000;1647992702.5956948
3747;4.18752908706665;1918464000;1647992712.091091
3748;4.138982772827148;1918976000;1647992721.1601498
3749;4.191746711730957;1919488000;1647992729.657609
3750;4.146684646606445;1920000000;1647992747.7746139
3751;4.184546947479248;1920512000;1647992757.9617283
3752;4.119330406188965;1921024000;1647992768.023765
3753;4.161994457244873;1921536000;1647992776.3267543
3754;4.119316101074219;1922048000;1647992786.366333
3755;4.157586097717285;1922560000;1647992796.4291465
3756;4.111828804016113;1923072000;1647992806.4893148
3757;4.154078483581543;1923584000;1647992816.523387
3758;4.134315490722656;1924096000;1647992826.58781
3759;4.125202178955078;1924608000;1647992836.6587598
3760;4.1178083419799805;1925120000;1647992846.724425
3761;4.091322898864746;1925632000;1647992856.7764964
3762;4.141982078552246;1926144000;1647992866.8477623
3763;4.133588790893555;1926656000;1647992876.8798757
3764;4.163355827331543;1927168000;1647992886.9450893
3765;4.173862457275391;1927680000;1647992896.961914
3766;4.233869552612305;1928192000;1647992906.966782
3767;4.152233600616455;1928704000;1647992916.9476995
3768;4.193584442138672;1929216000;1647992926.959439
3769;4.160810947418213;1929728000;1647992936.9788694
3770;4.109648704528809;1930240000;1647992947.037451
3771;4.123946666717529;1930752000;1647992957.106535
3772;4.143610954284668;1931264000;1647992967.1722114
3773;4.184452056884766;1931776000;1647992977.2549512
3774;4.115915298461914;1932288000;1647992987.3207192
3775;4.119418144226074;1932800000;1647992997.3819098
3776;4.1065993309021;1933312000;1647993007.4369526
3777;4.18718957901001;1933824000;1647993017.484223
3778;4.1461286544799805;1934336000;1647993027.51708
3779;4.0986528396606445;1934848000;1647993037.5916913
3780;4.126238822937012;1935360000;1647993047.6735687
3781;4.110246181488037;1935872000;1647993057.7368586
3782;4.147360801696777;1936384000;1647993067.8009138
3783;4.1095428466796875;1936896000;1647993077.8591251
3784;4.110706329345703;1937408000;1647993087.9079554
3785;4.129067897796631;1937920000;1647993097.919904
3786;4.140966415405273;1938432000;1647993107.9774277
3787;4.132644176483154;1938944000;1647993118.1717832
3788;4.121034145355225;1939456000;1647993128.2180657
3789;4.144081115722656;1939968000;1647993138.2726548
3790;4.125433921813965;1940480000;1647993147.8830557
3791;4.156771659851074;1940992000;1647993156.7674043
3792;4.107095718383789;1941504000;1647993166.8373702
3793;4.133474349975586;1942016000;1647993176.9139202
3794;4.161962032318115;1942528000;1647993186.9852917
3795;4.137983322143555;1943040000;1647993197.0490196
3796;4.1227264404296875;1943552000;1647993207.0921981
3797;4.102993965148926;1944064000;1647993216.5434668
3798;4.092064380645752;1944576000;1647993225.7564764
3799;4.137065410614014;1945088000;1647993234.2972612
3800;4.095465183258057;1945600000;1647993252.1058915
3801;4.115574836730957;1946112000;1647993262.250831
3802;4.131290435791016;1946624000;1647993272.3130271
3803;4.129149436950684;1947136000;1647993280.8798404
3804;4.166156768798828;1947648000;1647993291.0872
3805;4.13584041595459;1948160000;1647993301.1426098
3806;4.1454949378967285;1948672000;1647993311.2164001
3807;4.154145240783691;1949184000;1647993321.2509801
3808;4.116650581359863;1949696000;1647993331.3045354
3809;4.099090099334717;1950208000;1647993341.3679008
3810;4.079438209533691;1950720000;1647993351.4376075
3811;4.106180667877197;1951232000;1647993361.3696275
3812;4.102469444274902;1951744000;1647993371.4295828
3813;4.163039684295654;1952256000;1647993381.4594162
3814;4.154759407043457;1952768000;1647993391.5246973
3815;4.17280912399292;1953280000;1647993401.5471504
3816;4.136651039123535;1953792000;1647993411.554239
3817;4.151240348815918;1954304000;1647993421.558681
3818;4.195681095123291;1954816000;1647993431.591772
3819;4.171981334686279;1955328000;1647993441.6092124
3820;4.183751106262207;1955840000;1647993451.607716
3821;4.1769537925720215;1956352000;1647993461.5534768
3822;4.187412261962891;1956864000;1647993471.4591355
3823;4.161794185638428;1957376000;1647993481.5151029
3824;4.273723602294922;1957888000;1647993491.5667222
3825;4.235764503479004;1958400000;1647993501.5831468
3826;4.32225227355957;1958912000;1647993511.941002
3827;4.292029857635498;1959424000;1647993522.1338294
3828;4.18284797668457;1959936000;1647993532.3570402
3829;4.161247730255127;1960448000;1647993542.584948
3830;4.174565315246582;1960960000;1647993552.631789
3831;4.161279201507568;1961472000;1647993562.6707056
3832;4.164484977722168;1961984000;1647993573.0287406
3833;4.165013313293457;1962496000;1647993583.219283
3834;4.133647441864014;1963008000;1647993593.2350368
3835;4.1463117599487305;1963520000;1647993603.2761734
3836;4.1644392013549805;1964032000;1647993613.4954076
3837;4.188325881958008;1964544000;1647993623.5492604
3838;4.093891143798828;1965056000;1647993633.5649366
3839;4.126101970672607;1965568000;1647993643.5156205
3840;4.171030044555664;1966080000;1647993652.77717
3841;4.208400726318359;1966592000;1647993661.8879974
3842;4.128832817077637;1967104000;1647993671.948521
3843;4.113751411437988;1967616000;1647993682.0210598
3844;4.143245697021484;1968128000;1647993692.0949993
3845;4.143184661865234;1968640000;1647993702.160696
3846;4.147765159606934;1969152000;1647993712.2160275
3847;4.189054012298584;1969664000;1647993721.1827042
3848;4.166999816894531;1970176000;1647993730.7164981
3849;4.153910160064697;1970688000;1647993739.1896942
3850;4.087868690490723;1971200000;1647993757.330313
3851;4.073803424835205;1971712000;1647993767.3856277
3852;4.080230712890625;1972224000;1647993777.3512733
3853;4.08632230758667;1972736000;1647993785.8977158
3854;4.154941082000732;1973248000;1647993795.9470353
3855;4.144374847412109;1973760000;1647993806.0184362
3856;4.091326713562012;1974272000;1647993816.0911193
3857;4.110799789428711;1974784000;1647993826.1526227
3858;4.198369026184082;1975296000;1647993836.1875443
3859;4.103494644165039;1975808000;1647993846.2443762
3860;4.103789329528809;1976320000;1647993856.2261057
3861;4.115489959716797;1976832000;1647993866.2204287
3862;4.0833845138549805;1977344000;1647993876.2763486
3863;4.160472869873047;1977856000;1647993886.341061
3864;4.168349742889404;1978368000;1647993896.4227521
3865;4.150304794311523;1978880000;1647993906.445008
3866;4.119942665100098;1979392000;1647993916.5152981
3867;4.102270126342773;1979904000;1647993926.5791976
3868;4.1145477294921875;1980416000;1647993936.6324105
3869;4.112346649169922;1980928000;1647993946.592325
3870;4.154308319091797;1981440000;1647993956.5527232
3871;4.1592230796813965;1981952000;1647993966.536492
3872;4.14910364151001;1982464000;1647993976.6152568
3873;4.179376602172852;1982976000;1647993986.6929388
3874;4.151520729064941;1983488000;1647993996.7501519
3875;4.139276504516602;1984000000;1647994006.8036885
3876;4.128209114074707;1984512000;1647994016.8424935
3877;4.157111167907715;1985024000;1647994026.8827996
3878;4.098495006561279;1985536000;1647994037.1219237
3879;4.094876289367676;1986048000;1647994047.205389
3880;4.109264373779297;1986560000;1647994057.2738564
3881;4.115221977233887;1987072000;1647994067.1846209
3882;4.102250099182129;1987584000;1647994076.9912553
3883;4.123577117919922;1988096000;1647994087.0103254
3884;4.174488067626953;1988608000;1647994097.0287838
3885;4.141410827636719;1989120000;1647994107.1027472
3886;4.120905876159668;1989632000;1647994117.1979642
3887;4.124297142028809;1990144000;1647994127.2818568
3888;4.110928058624268;1990656000;1647994137.357083
3889;4.132386207580566;1991168000;1647994147.4130752
3890;4.140801429748535;1991680000;1647994156.9804924
3891;4.102372169494629;1992192000;1647994165.550849
3892;4.140239715576172;1992704000;1647994175.555241
3893;4.151013374328613;1993216000;1647994185.6373749
3894;4.181015968322754;1993728000;1647994195.6977265
3895;4.111959457397461;1994240000;1647994205.7296355
3896;4.098618507385254;1994752000;1647994215.7553813
3897;4.16487979888916;1995264000;1647994224.6639202
3898;4.153653144836426;1995776000;1647994233.5784276
3899;4.180041790008545;1996288000;1647994243.0511436
3900;4.171389579772949;1996800000;1647994260.3764322
3901;4.1208038330078125;1997312000;1647994270.4179342
3902;4.12701416015625;1997824000;1647994280.5628085
3903;4.1106672286987305;1998336000;1647994289.1434686
3904;4.105679035186768;1998848000;1647994299.1615503
3905;4.104069709777832;1999360000;1647994309.1294794
3906;4.141590118408203;1999872000;1647994319.1150136
3907;4.1096906661987305;2000384000;1647994329.1429732
3908;4.1188435554504395;2000896000;1647994339.1897976
3909;4.112061500549316;2001408000;1647994349.190203
3910;4.097173690795898;2001920000;1647994359.246996
3911;4.114841938018799;2002432000;1647994369.2973971
3912;4.133709907531738;2002944000;1647994379.3577082
3913;4.112083435058594;2003456000;1647994389.4067152
3914;4.141933441162109;2003968000;1647994399.4728456
3915;4.127485752105713;2004480000;1647994409.5442803
3916;4.168176651000977;2004992000;1647994419.5861964
3917;4.168030738830566;2005504000;1647994429.609286
3918;4.15108585357666;2006016000;1647994439.6658661
3919;4.113414764404297;2006528000;1647994449.7154384
3920;4.140744686126709;2007040000;1647994459.771509
3921;4.085209369659424;2007552000;1647994469.8311467
3922;4.142028331756592;2008064000;1647994479.9000907
3923;4.124553680419922;2008576000;1647994489.9523203
3924;4.124956130981445;2009088000;1647994500.010684
3925;4.123024940490723;2009600000;1647994510.0878193
3926;4.121379852294922;2010112000;1647994520.1574976
3927;4.112938404083252;2010624000;1647994530.2100515
3928;4.119565010070801;2011136000;1647994540.2761233
3929;4.096452236175537;2011648000;1647994550.351229
3930;4.071123123168945;2012160000;1647994560.4113142
3931;4.132726669311523;2012672000;1647994570.4707248
3932;4.1055731773376465;2013184000;1647994580.5235813
3933;4.114102363586426;2013696000;1647994590.5761435
3934;4.209333419799805;2014208000;1647994600.62591
3935;4.182677745819092;2014720000;1647994610.6874382
3936;4.180926322937012;2015232000;1647994620.7398212
3937;4.229367733001709;2015744000;1647994630.7784586
3938;4.205807685852051;2016256000;1647994640.8226428
3939;4.135616779327393;2016768000;1647994650.8128054
3940;4.110248565673828;2017280000;1647994660.5878797
3941;4.139643669128418;2017792000;1647994669.1197133
3942;4.081193447113037;2018304000;1647994679.1810665
3943;4.070162773132324;2018816000;1647994689.25443
3944;4.106383323669434;2019328000;1647994699.3433805
3945;4.12964391708374;2019840000;1647994709.4021065
3946;4.1561665534973145;2020352000;1647994719.4675868
3947;4.154234886169434;2020864000;1647994728.8593676
3948;4.121199607849121;2021376000;1647994737.903092
3949;4.131831645965576;2021888000;1647994747.1971984
3950;4.174378395080566;2022400000;1647994764.3079338
3951;4.091833114624023;2022912000;1647994774.3479283
3952;4.166790008544922;2023424000;1647994784.30162
3953;4.1350908279418945;2023936000;1647994792.7132545
3954;4.112132549285889;2024448000;1647994802.7727382
3955;4.144631385803223;2024960000;1647994812.790633
3956;4.152547836303711;2025472000;1647994822.814246
3957;4.140895366668701;2025984000;1647994832.849709
3958;4.125515937805176;2026496000;1647994842.7968743
3959;4.123025417327881;2027008000;1647994852.7262065
3960;4.1179351806640625;2027520000;1647994862.7439954
3961;4.129095077514648;2028032000;1647994872.7812304
3962;4.094290733337402;2028544000;1647994882.9525423
3963;4.080276966094971;2029056000;1647994892.9537406
3964;4.083478927612305;2029568000;1647994902.989978
3965;4.1082539558410645;2030080000;1647994912.9731514
3966;4.106400966644287;2030592000;1647994923.3441133
3967;4.09163761138916;2031104000;1647994933.560379
3968;4.093507766723633;2031616000;1647994943.5780091
3969;4.083646774291992;2032128000;1647994953.7745705
3970;4.093268871307373;2032640000;1647994963.7915556
3971;4.075960159301758;2033152000;1647994973.8369477
3972;4.09138298034668;2033664000;1647994983.871865
3973;4.119665145874023;2034176000;1647994993.9330752
3974;4.087432861328125;2034688000;1647995004.231897
3975;4.057502746582031;2035200000;1647995014.4121041
3976;4.093832492828369;2035712000;1647995024.5388334
3977;4.103694438934326;2036224000;1647995034.5759425
3978;4.052065849304199;2036736000;1647995044.6129246
3979;4.093493461608887;2037248000;1647995054.63866
3980;4.0974321365356445;2037760000;1647995064.8356943
3981;4.116873264312744;2038272000;1647995075.019389
3982;4.086212158203125;2038784000;1647995085.2114735
3983;4.11988639831543;2039296000;1647995095.2741592
3984;4.122673988342285;2039808000;1647995105.3488638
3985;4.158386707305908;2040320000;1647995115.4149487
3986;4.10444974899292;2040832000;1647995125.432277
3987;4.100234508514404;2041344000;1647995135.4644747
3988;4.146470069885254;2041856000;1647995145.4798198
3989;4.099218368530273;2042368000;1647995155.4963117
3990;4.088280200958252;2042880000;1647995165.2190819
3991;4.095975399017334;2043392000;1647995174.0919175
3992;4.070826530456543;2043904000;1647995184.1077302
3993;4.16080379486084;2044416000;1647995194.025613
3994;4.200009822845459;2044928000;1647995204.0341494
3995;4.124238967895508;2045440000;1647995214.060379
3996;4.087154388427734;2045952000;1647995224.0585701
3997;4.164802551269531;2046464000;1647995233.3606012
3998;4.049046993255615;2046976000;1647995242.71025
3999;4.091792106628418;2047488000;1647995251.8352256
4000;4.301042556762695;2048000000;1647995269.0529215
4001;4.2914323806762695;2048512000;1647995279.1024911
4002;4.11844539642334;2049024000;1647995288.7717395
4003;4.133579254150391;2049536000;1647995297.5356195
4004;4.1211113929748535;2050048000;1647995307.565786
4005;4.147377967834473;2050560000;1647995317.58762
4006;4.150975227355957;2051072000;1647995327.5844316
4007;4.145295143127441;2051584000;1647995337.6524236
4008;4.127922058105469;2052096000;1647995347.7155213
4009;4.119567394256592;2052608000;1647995357.9553723
4010;4.147789478302002;2053120000;1647995368.0018454
4011;4.112400531768799;2053632000;1647995378.079552
4012;4.084685325622559;2054144000;1647995388.1178467
4013;4.108398914337158;2054656000;1647995398.0786097
4014;4.117538928985596;2055168000;1647995408.0791378
4015;4.157227039337158;2055680000;1647995418.1158268
4016;4.199399948120117;2056192000;1647995428.1415436
4017;4.23309850692749;2056704000;1647995438.148104
4018;4.229878902435303;2057216000;1647995448.5043182
4019;4.184243679046631;2057728000;1647995458.4986503
4020;4.140269756317139;2058240000;1647995468.4800198
4021;4.154736518859863;2058752000;1647995478.498697
4022;4.083178520202637;2059264000;1647995488.5218475
4023;4.116586685180664;2059776000;1647995498.530086
4024;4.083406448364258;2060288000;1647995508.5387843
4025;4.1060471534729;2060800000;1647995518.4559612
4026;4.109481334686279;2061312000;1647995528.3783777
4027;4.085451126098633;2061824000;1647995538.328363
4028;4.114829063415527;2062336000;1647995548.324638
4029;4.108553409576416;2062848000;1647995558.3444917
4030;4.145752906799316;2063360000;1647995568.244538
4031;4.116921424865723;2063872000;1647995578.2187903
4032;4.13685417175293;2064384000;1647995588.3893564
4033;4.1878509521484375;2064896000;1647995598.4329367
4034;4.225335597991943;2065408000;1647995608.488184
4035;4.1610870361328125;2065920000;1647995618.5499556
4036;4.101994514465332;2066432000;1647995628.6008701
4037;4.163180351257324;2066944000;1647995638.637963
4038;4.117908954620361;2067456000;1647995648.6747997
4039;4.202889442443848;2067968000;1647995658.8906162
4040;4.158545970916748;2068480000;1647995668.8064115
4041;4.132305145263672;2068992000;1647995677.1139593
4042;4.194638252258301;2069504000;1647995687.200765
4043;4.154573917388916;2070016000;1647995697.213569
4044;4.126753807067871;2070528000;1647995707.2093434
4045;4.126370906829834;2071040000;1647995717.2298894
4046;4.114080429077148;2071552000;1647995727.2285514
4047;4.1004815101623535;2072064000;1647995736.3094738
4048;4.147683143615723;2072576000;1647995745.6770108
4049;4.153070449829102;2073088000;1647995754.8732624
4050;4.1173176765441895;2073600000;1647995772.2002606
4051;4.103971004486084;2074112000;1647995782.3870351
4052;4.1724138259887695;2074624000;1647995792.1277719
4053;4.161935806274414;2075136000;1647995800.8057761
4054;4.110772609710693;2075648000;1647995810.8829799
4055;4.098694801330566;2076160000;1647995820.9612765
4056;4.150415420532227;2076672000;1647995831.030633
4057;4.146439552307129;2077184000;1647995841.0765247
4058;4.109827995300293;2077696000;1647995851.0653467
4059;4.084774017333984;2078208000;1647995861.0893033
4060;4.133929252624512;2078720000;1647995871.1204023
4061;4.129172325134277;2079232000;1647995881.1186123
4062;4.166788101196289;2079744000;1647995891.1813579
4063;4.1087822914123535;2080256000;1647995901.2109222
4064;4.136499404907227;2080768000;1647995911.1338549
4065;4.1189866065979;2081280000;1647995921.030789
4066;4.123459339141846;2081792000;1647995930.884254
4067;4.132394790649414;2082304000;1647995940.7857373
4068;4.10992431640625;2082816000;1647995950.7226264
4069;4.129901885986328;2083328000;1647995960.6544461
4070;4.136152267456055;2083840000;1647995970.6597073
4071;4.169520854949951;2084352000;1647995980.850016
4072;4.169513702392578;2084864000;1647995990.8721302
4073;4.1746673583984375;2085376000;1647996000.8930974
4074;4.181025981903076;2085888000;1647996010.9022636
4075;4.124680042266846;2086400000;1647996020.911409
4076;4.140810489654541;2086912000;1647996031.5562222
4077;4.110525131225586;2087424000;1647996041.9320476
4078;4.120514869689941;2087936000;1647996052.014588
4079;4.098625659942627;2088448000;1647996062.2153006
4080;4.1415300369262695;2088960000;1647996072.245735
4081;4.2228922843933105;2089472000;1647996082.4191043
4082;4.098384857177734;2089984000;1647996092.5580852
4083;4.125223159790039;2090496000;1647996102.5565314
4084;4.100935459136963;2091008000;1647996112.53524
4085;4.124124526977539;2091520000;1647996122.5803127
4086;4.120156288146973;2092032000;1647996132.6882782
4087;4.102516174316406;2092544000;1647996142.6734989
4088;4.0980939865112305;2093056000;1647996152.7230523
4089;4.123956680297852;2093568000;1647996162.8034668
4090;4.106790065765381;2094080000;1647996172.487006
4091;4.06583309173584;2094592000;1647996181.1641572
4092;4.136733055114746;2095104000;1647996191.2072246
4093;4.118753433227539;2095616000;1647996201.2386742
4094;4.111362457275391;2096128000;1647996211.3119404
4095;4.08032751083374;2096640000;1647996221.5436625
4096;4.084451675415039;2097152000;1647996231.6148036
4097;4.105359077453613;2097664000;1647996240.2675226
4098;4.065369129180908;2098176000;1647996250.0322843
4099;4.118404865264893;2098688000;1647996260.066868
4100;4.152562141418457;2099200000;1647996276.6817565
4101;4.104250431060791;2099712000;1647996286.741902
4102;4.136099815368652;2100224000;1647996296.2494895
4103;4.062514781951904;2100736000;1647996305.1290152
4104;4.073899745941162;2101248000;1647996315.1735468
4105;4.088825702667236;2101760000;1647996325.234155
4106;4.096649169921875;2102272000;1647996335.2974586
4107;4.096421241760254;2102784000;1647996345.349181
4108;4.115461349487305;2103296000;1647996355.365927
4109;4.140286445617676;2103808000;1647996365.3894796
4110;4.12973690032959;2104320000;1647996375.4008029
4111;4.107607841491699;2104832000;1647996385.4259198
4112;4.09398889541626;2105344000;1647996395.5896144
4113;4.104857444763184;2105856000;1647996405.586694
4114;4.122367858886719;2106368000;1647996415.6498988
4115;4.093398571014404;2106880000;1647996425.8207724
4116;4.2077226638793945;2107392000;1647996435.9931352
4117;4.243764877319336;2107904000;1647996446.0205545
4118;4.240848064422607;2108416000;1647996456.0201879
4119;4.236274719238281;2108928000;1647996465.9052806
4120;4.283408164978027;2109440000;1647996475.8928747
4121;4.278282642364502;2109952000;1647996485.8839755
4122;4.216838836669922;2110464000;1647996495.8562064
4123;4.156314373016357;2110976000;1647996505.840673
4124;4.156308174133301;2111488000;1647996515.8531885
4125;4.08904504776001;2112000000;1647996525.875044
4126;4.186648368835449;2112512000;1647996535.8990233
4127;4.154296875;2113024000;1647996545.9332843
4128;4.118667125701904;2113536000;1647996555.9741535
4129;4.108303070068359;2114048000;1647996565.9929454
4130;4.1284589767456055;2114560000;1647996576.0104113
4131;4.142382621765137;2115072000;1647996586.0524535
4132;4.162887096405029;2115584000;1647996596.091367
4133;4.1686015129089355;2116096000;1647996606.0336194
4134;4.129632949829102;2116608000;1647996616.079628
4135;4.211858749389648;2117120000;1647996626.2878556
4136;4.138432502746582;2117632000;1647996637.167943
4137;4.197662353515625;2118144000;1647996648.276591
4138;4.112288475036621;2118656000;1647996659.5541344
4139;4.126171112060547;2119168000;1647996670.6194386
4140;4.163944244384766;2119680000;1647996679.4222891
4141;4.092583656311035;2120192000;1647996689.2998152
4142;4.171013355255127;2120704000;1647996699.3591132
4143;4.19207239151001;2121216000;1647996709.4113092
4144;4.091580390930176;2121728000;1647996719.4275823
4145;4.130497932434082;2122240000;1647996729.4407685
4146;4.117098331451416;2122752000;1647996739.387548
4147;4.117371559143066;2123264000;1647996747.8651369
4148;4.118104934692383;2123776000;1647996757.9426486
4149;4.131093502044678;2124288000;1647996767.33574
4150;4.136898994445801;2124800000;1647996784.4024994
4151;4.115601539611816;2125312000;1647996794.5084114
4152;4.122838973999023;2125824000;1647996803.1529477
4153;4.143649578094482;2126336000;1647996813.015651
4154;4.227077484130859;2126848000;1647996823.076044
4155;4.158736228942871;2127360000;1647996833.1392772
4156;4.151803016662598;2127872000;1647996843.161873
4157;4.103560447692871;2128384000;1647996853.2039037
4158;4.068559646606445;2128896000;1647996863.2520406
4159;4.180734157562256;2129408000;1647996873.306571
4160;4.08781623840332;2129920000;1647996883.3559334
4161;4.122547149658203;2130432000;1647996893.4108684
4162;4.105622291564941;2130944000;1647996903.488041
4163;4.130102634429932;2131456000;1647996913.5192366
4164;4.092348575592041;2131968000;1647996923.5548863
4165;4.13435173034668;2132480000;1647996933.4991152
4166;4.13633918762207;2132992000;1647996943.4844522
4167;4.156208038330078;2133504000;1647996953.4533598
4168;4.165365219116211;2134016000;1647996963.45781
4169;4.171035289764404;2134528000;1647996973.5025914
4170;4.126181602478027;2135040000;1647996983.5328164
4171;4.170672416687012;2135552000;1647996993.558622
4172;4.161848068237305;2136064000;1647997003.6737976
4173;4.1751556396484375;2136576000;1647997013.8160288
4174;4.149169445037842;2137088000;1647997023.8330584
4175;4.132044792175293;2137600000;1647997033.811961
4176;4.118422508239746;2138112000;1647997043.8379014
4177;4.121350288391113;2138624000;1647997053.8358605
4178;4.124856948852539;2139136000;1647997063.8647103
4179;4.11598014831543;2139648000;1647997073.908132
4180;4.123960018157959;2140160000;1647997084.0260415
4181;4.106255531311035;2140672000;1647997094.039967
4182;4.120235919952393;2141184000;1647997104.0387676
4183;4.104985237121582;2141696000;1647997114.1138225
4184;4.082683563232422;2142208000;1647997124.155464
4185;4.11454439163208;2142720000;1647997134.180799
4186;4.093105316162109;2143232000;1647997144.2157245
4187;4.082757949829102;2143744000;1647997154.3804832
4188;4.112848281860352;2144256000;1647997164.4051971
4189;4.1138458251953125;2144768000;1647997174.4416268
4190;4.134315490722656;2145280000;1647997183.511791
4191;4.1260271072387695;2145792000;1647997192.489589
4192;4.090278625488281;2146304000;1647997202.6728833
4193;4.107892036437988;2146816000;1647997212.6998208
4194;4.126894950866699;2147328000;1647997222.74617
4195;4.18080472946167;2147840000;1647997232.7838035
4196;4.159689903259277;2148352000;1647997242.6004074
4197;4.099843978881836;2148864000;1647997251.2585502
4198;4.0775346755981445;2149376000;1647997261.3124552
4199;4.156562805175781;2149888000;1647997270.5983915
4200;4.174337387084961;2150400000;1647997287.972451
4201;4.145086288452148;2150912000;1647997298.1187508
4202;4.124768257141113;2151424000;1647997306.4227684
4203;4.0928730964660645;2151936000;1647997316.5038238
4204;4.098265171051025;2152448000;1647997326.563735
4205;4.051733016967773;2152960000;1647997336.620658
4206;4.058270454406738;2153472000;1647997346.6731966
4207;4.110099792480469;2153984000;1647997356.7350252
4208;4.0503435134887695;2154496000;1647997366.8012989
4209;4.065594673156738;2155008000;1647997376.8665464
4210;4.044823169708252;2155520000;1647997386.9185615
4211;4.055093765258789;2156032000;1647997396.9852765
4212;4.076136589050293;2156544000;1647997407.0427666
4213;4.068869590759277;2157056000;1647997417.0969841
4214;4.098911285400391;2157568000;1647997427.133118
4215;4.048264503479004;2158080000;1647997437.1851332
4216;4.064026832580566;2158592000;1647997447.22599
4217;4.081602096557617;2159104000;1647997457.2469552
4218;4.060761451721191;2159616000;1647997467.2674866
4219;4.055850982666016;2160128000;1647997477.3178806
4220;4.0939178466796875;2160640000;1647997487.3954813
4221;4.108147621154785;2161152000;1647997497.4608457
4222;4.117015361785889;2161664000;1647997507.5244026
4223;4.141535758972168;2162176000;1647997517.5862596
4224;4.210971355438232;2162688000;1647997527.6411743
4225;4.179328918457031;2163200000;1647997537.690251
4226;4.079977512359619;2163712000;1647997547.6810112
4227;4.120628356933594;2164224000;1647997557.7098758
4228;4.151793479919434;2164736000;1647997567.7275784
4229;4.1041154861450195;2165248000;1647997577.7568195
4230;4.104348182678223;2165760000;1647997587.7400017
4231;4.0629425048828125;2166272000;1647997597.7537768
4232;4.079625606536865;2166784000;1647997607.7757742
4233;4.115105628967285;2167296000;1647997617.7850394
4234;4.098981857299805;2167808000;1647997627.7773685
4235;4.171725273132324;2168320000;1647997637.8053787
4236;4.1850385665893555;2168832000;1647997647.850064
4237;4.116274833679199;2169344000;1647997657.8497715
4238;4.201398849487305;2169856000;1647997667.8789816
4239;4.135863304138184;2170368000;1647997677.992343
4240;4.136938571929932;2170880000;1647997687.298656
4241;4.13276481628418;2171392000;1647997696.209339
4242;4.136733531951904;2171904000;1647997706.2488935
4243;4.161103248596191;2172416000;1647997716.3049974
4244;4.170628547668457;2172928000;1647997726.355233
4245;4.160168647766113;2173440000;1647997736.3781557
4246;4.15939998626709;2173952000;1647997746.260551
4247;4.16117000579834;2174464000;1647997755.2254884
4248;4.180166721343994;2174976000;1647997765.301546
4249;4.102916240692139;2175488000;1647997774.8591707
4250;4.140000343322754;2176000000;1647997791.9574258
4251;4.169353485107422;2176512000;1647997802.0855768
4252;4.135811805725098;2177024000;1647997810.4058135
4253;4.146242141723633;2177536000;1647997820.4284067
4254;4.131452560424805;2178048000;1647997830.4658725
4255;4.09443473815918;2178560000;1647997840.5368373
4256;4.096987724304199;2179072000;1647997850.6113641
4257;4.09525728225708;2179584000;1647997860.6623552
4258;4.092287540435791;2180096000;1647997870.6718216
4259;4.099915027618408;2180608000;1647997880.707238
4260;4.101193428039551;2181120000;1647997890.9068937
4261;4.114058971405029;2181632000;1647997901.1000228
4262;4.187374114990234;2182144000;1647997911.2850766
4263;4.117061614990234;2182656000;1647997921.3290594
4264;4.1263747215271;2183168000;1647997931.3530307
4265;4.098930358886719;2183680000;1647997941.3857644
4266;4.1256303787231445;2184192000;1647997951.6253397
4267;4.087729454040527;2184704000;1647997961.786759
4268;4.1058030128479;2185216000;1647997971.8389795
4269;4.09577751159668;2185728000;1647997981.9000676
4270;4.129403591156006;2186240000;1647997991.9401777
4271;4.085824012756348;2186752000;1647998001.9674253
4272;4.077662467956543;2187264000;1647998011.9840016
4273;4.097590446472168;2187776000;1647998022.183168
4274;4.079102516174316;2188288000;1647998032.2521787
4275;4.092444896697998;2188800000;1647998042.2610066
4276;4.080484867095947;2189312000;1647998052.2259467
4277;4.093820571899414;2189824000;1647998062.286402
4278;4.133661270141602;2190336000;1647998072.3546836
4279;4.131620407104492;2190848000;1647998082.3984249
4280;4.146792411804199;2191360000;1647998092.6044528
4281;4.139403343200684;2191872000;1647998102.8211253
4282;4.130156517028809;2192384000;1647998112.838189
4283;4.083735466003418;2192896000;1647998122.8457758
4284;4.122152328491211;2193408000;1647998133.0196307
4285;4.098777770996094;2193920000;1647998143.0209987
4286;4.085019111633301;2194432000;1647998153.0353496
4287;4.099175453186035;2194944000;1647998163.1886983
4288;4.074979782104492;2195456000;1647998173.210805
4289;4.13659143447876;2195968000;1647998183.1594377
4290;4.094000816345215;2196480000;1647998192.2012038
4291;4.073960304260254;2196992000;1647998201.5007048
4292;4.107196807861328;2197504000;1647998211.561051
4293;4.132639408111572;2198016000;1647998221.6243541
4294;4.084465026855469;2198528000;1647998231.635046
4295;4.0923051834106445;2199040000;1647998241.649592
4296;4.100325584411621;2199552000;1647998251.2997284
4297;4.099676609039307;2200064000;1647998260.2340362
4298;4.066106796264648;2200576000;1647998270.3129518
4299;4.137856483459473;2201088000;1647998279.855392
4300;4.092599868774414;2201600000;1647998296.912964
4301;4.092865943908691;2202112000;1647998306.913465
4302;4.120224952697754;2202624000;1647998315.516502
4303;4.085002422332764;2203136000;1647998325.6905346
4304;4.124182224273682;2203648000;1647998335.6454136
4305;4.106670379638672;2204160000;1647998345.5970006
4306;4.159196853637695;2204672000;1647998355.548477
4307;4.102393627166748;2205184000;1647998365.550643
4308;4.141872406005859;2205696000;1647998375.5744097
4309;4.094649314880371;2206208000;1647998385.7273855
4310;4.107954978942871;2206720000;1647998395.6957173
4311;4.1374897956848145;2207232000;1647998405.7157016
4312;4.132906913757324;2207744000;1647998415.7332404
4313;4.138014793395996;2208256000;1647998425.8570693
4314;4.1685590744018555;2208768000;1647998435.8255856
4315;4.100122928619385;2209280000;1647998445.8382633
4316;4.1325764656066895;2209792000;1647998455.9006417
4317;4.0855584144592285;2210304000;1647998465.9266436
4318;4.1042070388793945;2210816000;1647998475.9624553
4319;4.114063739776611;2211328000;1647998486.1690106
4320;4.138705730438232;2211840000;1647998496.1713903
4321;4.104559421539307;2212352000;1647998506.1773763
4322;4.152751922607422;2212864000;1647998516.207766
4323;4.143869876861572;2213376000;1647998526.4043062
4324;4.170866966247559;2213888000;1647998536.4389877
4325;4.170376300811768;2214400000;1647998546.4702528
4326;4.1063947677612305;2214912000;1647998556.529004
4327;4.06369686126709;2215424000;1647998566.5921628
4328;4.063291072845459;2215936000;1647998576.6614535
4329;4.075869560241699;2216448000;1647998586.7297883
4330;4.1383280754089355;2216960000;1647998596.7912447
4331;4.057988166809082;2217472000;1647998606.8381839
4332;4.061797618865967;2217984000;1647998616.8476634
4333;4.09800910949707;2218496000;1647998626.8559022
4334;4.1399335861206055;2219008000;1647998636.9087327
4335;4.1168928146362305;2219520000;1647998646.9507947
4336;4.085312843322754;2220032000;1647998657.1445894
4337;4.096848487854004;2220544000;1647998667.6462991
4338;4.071516990661621;2221056000;1647998677.6967783
4339;4.083715438842773;2221568000;1647998687.7645357
4340;4.1422576904296875;2222080000;1647998696.8664253
4341;4.091167449951172;2222592000;1647998706.225024
4342;4.075206279754639;2223104000;1647998716.2783527
4343;4.094854354858398;2223616000;1647998726.322561
4344;4.116811752319336;2224128000;1647998736.6889658
4345;4.089384078979492;2224640000;1647998746.7146063
4346;4.101792812347412;2225152000;1647998755.9584348
4347;4.077060699462891;2225664000;1647998765.10099
4348;4.0888142585754395;2226176000;1647998775.132362
4349;4.03586483001709;2226688000;1647998784.6936443
4350;4.072582721710205;2227200000;1647998801.499081
4351;4.082171440124512;2227712000;1647998811.5198326
4352;4.094212532043457;2228224000;1647998819.9226997
4353;4.134773254394531;2228736000;1647998829.927036
4354;4.087558746337891;2229248000;1647998839.8830342
4355;4.1090617179870605;2229760000;1647998849.8919733
4356;4.055123329162598;2230272000;1647998859.920319
4357;4.054539680480957;2230784000;1647998870.2851412
4358;4.0883331298828125;2231296000;1647998880.2628195
4359;4.055134296417236;2231808000;1647998890.4158711
4360;4.099447727203369;2232320000;1647998900.7965152
4361;4.048844337463379;2232832000;1647998911.0172155
4362;4.085644721984863;2233344000;1647998921.0639837
4363;4.052826881408691;2233856000;1647998931.1021523
4364;4.132486343383789;2234368000;1647998941.1494553
4365;4.113395690917969;2234880000;1647998951.1974745
4366;4.1096978187561035;2235392000;1647998961.2534962
4367;4.066216468811035;2235904000;1647998971.3036048
4368;4.056304931640625;2236416000;1647998981.3415248
4369;4.097442626953125;2236928000;1647998991.3717854
4370;4.088210105895996;2237440000;1647999001.3524582
4371;4.094304084777832;2237952000;1647999011.371249
4372;4.04841947555542;2238464000;1647999021.5159104
4373;4.100683689117432;2238976000;1647999031.7228823
4374;4.077584743499756;2239488000;1647999041.9619296
4375;4.074088096618652;2240000000;1647999051.987257
4376;4.050988674163818;2240512000;1647999062.0622869
4377;4.093348503112793;2241024000;1647999072.0377665
4378;4.0963897705078125;2241536000;1647999082.0290642
4379;4.144228935241699;2242048000;1647999092.0557818
4380;4.044492721557617;2242560000;1647999102.1141565
4381;4.0870161056518555;2243072000;1647999112.1699903
4382;4.164423942565918;2243584000;1647999122.2154768
4383;4.120474815368652;2244096000;1647999132.2596686
4384;4.114852428436279;2244608000;1647999142.2923021
4385;4.084412574768066;2245120000;1647999152.3054576
4386;4.134701728820801;2245632000;1647999162.3277347
4387;4.081268310546875;2246144000;1647999172.3701973
4388;4.112605571746826;2246656000;1647999182.3991141
4389;4.075843334197998;2247168000;1647999192.4084547
4390;4.086544990539551;2247680000;1647999201.174464
4391;4.077444553375244;2248192000;1647999210.6915002
4392;4.078273773193359;2248704000;1647999220.7122529
4393;4.098768711090088;2249216000;1647999230.7263832
4394;4.095029830932617;2249728000;1647999240.7809408
4395;4.08974027633667;2250240000;1647999250.7481203
4396;4.084290504455566;2250752000;1647999259.8110344
4397;4.217273712158203;2251264000;1647999269.0378196
4398;4.134259223937988;2251776000;1647999279.054432
4399;4.133195877075195;2252288000;1647999288.5444992
4400;4.097151756286621;2252800000;1647999305.4918084
4401;4.092242240905762;2253312000;1647999315.6004438
4402;4.133983135223389;2253824000;1647999324.0912735
4403;4.122437477111816;2254336000;1647999334.1690414
4404;4.08201789855957;2254848000;1647999344.2280726
4405;4.1179351806640625;2255360000;1647999354.2800696
4406;4.133445739746094;2255872000;1647999364.317737
4407;4.089578151702881;2256384000;1647999374.868456
4408;4.117828369140625;2256896000;1647999385.424107
4409;4.150439262390137;2257408000;1647999395.499286
4410;4.155811309814453;2257920000;1647999405.5883167
4411;4.136143207550049;2258432000;1647999415.6495342
4412;4.157487869262695;2258944000;1647999425.6388354
4413;4.165432929992676;2259456000;1647999435.6957064
4414;4.1959638595581055;2259968000;1647999445.730951
4415;4.121430397033691;2260480000;1647999455.81415
4416;4.102969169616699;2260992000;1647999465.8802814
4417;4.120596885681152;2261504000;1647999476.280886
4418;4.136306285858154;2262016000;1647999486.3378384
4419;4.149482250213623;2262528000;1647999496.8530977
4420;4.159942626953125;2263040000;1647999506.9391994
4421;4.145944118499756;2263552000;1647999517.232555
4422;4.124910831451416;2264064000;1647999527.2828565
4423;4.165587425231934;2264576000;1647999537.3293376
4424;4.169650077819824;2265088000;1647999547.3934374
4425;4.175527095794678;2265600000;1647999557.445941
4426;4.174202919006348;2266112000;1647999567.6444883
4427;4.175161361694336;2266624000;1647999577.6962616
4428;4.1364898681640625;2267136000;1647999587.8867488
4429;4.160158157348633;2267648000;1647999597.954024
4430;4.166328430175781;2268160000;1647999608.0255127
4431;4.1160969734191895;2268672000;1647999618.0872931
4432;4.16116189956665;2269184000;1647999628.1537392
4433;4.155804634094238;2269696000;1647999638.2145393
4434;4.211157321929932;2270208000;1647999648.2797492
4435;4.115757942199707;2270720000;1647999658.347875
4436;4.080625534057617;2271232000;1647999668.4101632
4437;4.0950493812561035;2271744000;1647999678.4895148
4438;4.149765968322754;2272256000;1647999688.5517752
4439;4.152812957763672;2272768000;1647999698.5970972
4440;4.176182746887207;2273280000;1647999707.082547
4441;4.204951286315918;2273792000;1647999717.0814881
4442;4.085090160369873;2274304000;1647999727.0964181
4443;4.106302261352539;2274816000;1647999737.1475334
4444;4.0969743728637695;2275328000;1647999747.227438
4445;4.1708807945251465;2275840000;1647999757.2762773
4446;4.115945816040039;2276352000;1647999765.9320276
4447;4.103464603424072;2276864000;1647999775.6868455
4448;4.139476776123047;2277376000;1647999785.7487752
4449;4.108450889587402;2277888000;1647999794.8395991
4450;4.07947301864624;2278400000;1647999812.4306116
4451;4.055624008178711;2278912000;1647999822.229752
4452;4.04657506942749;2279424000;1647999830.9615777
4453;4.104885578155518;2279936000;1647999840.9714322
4454;4.094883918762207;2280448000;1647999851.0308218
4455;4.176259994506836;2280960000;1647999861.0817792
4456;4.168529510498047;2281472000;1647999871.1506398
4457;4.1347737312316895;2281984000;1647999881.2153683
4458;4.1194868087768555;2282496000;1647999891.285611
4459;4.172789573669434;2283008000;1647999901.325052
4460;4.180463790893555;2283520000;1647999911.3409648
4461;4.160020351409912;2284032000;1647999921.3063014
4462;4.157532215118408;2284544000;1647999931.3326588
4463;4.115055084228516;2285056000;1647999941.5380945
4464;4.1273298263549805;2285568000;1647999951.5888536
4465;4.101297855377197;2286080000;1647999961.638892
4466;4.128943920135498;2286592000;1647999971.6771648
4467;4.13883113861084;2287104000;1647999981.8003132
4468;4.09718132019043;2287616000;1647999991.6832874
4469;4.139565467834473;2288128000;1648000001.636585
4470;4.112248420715332;2288640000;1648000011.569425
4471;4.081203460693359;2289152000;1648000021.7427187
4472;4.046654224395752;2289664000;1648000031.806083
4473;4.0664381980896;2290176000;1648000041.8673482
4474;4.095128059387207;2290688000;1648000051.9017932
4475;4.126424789428711;2291200000;1648000061.8980765
4476;4.1705780029296875;2291712000;1648000071.902536
4477;4.155665397644043;2292224000;1648000081.9212332
4478;4.154303550720215;2292736000;1648000092.085351
4479;4.134654998779297;2293248000;1648000102.1318328
4480;4.096968650817871;2293760000;1648000112.1821327
4481;4.0938825607299805;2294272000;1648000122.215978
4482;4.175040245056152;2294784000;1648000132.2716362
4483;4.129992485046387;2295296000;1648000142.338896
4484;4.226007461547852;2295808000;1648000152.3956995
4485;4.166231155395508;2296320000;1648000162.4461417
4486;4.189339637756348;2296832000;1648000172.4786935
4487;4.212463855743408;2297344000;1648000182.51983
4488;4.168570518493652;2297856000;1648000192.562435
4489;4.149487495422363;2298368000;1648000202.6006298
4490;4.146733283996582;2298880000;1648000211.001829
4491;4.14134407043457;2299392000;1648000221.1631145
4492;4.168763160705566;2299904000;1648000231.215432
4493;4.1009345054626465;2300416000;1648000241.2508872
4494;4.122434616088867;2300928000;1648000251.26509
4495;4.119490146636963;2301440000;1648000261.2776535
4496;4.136607646942139;2301952000;1648000269.752557
4497;4.146370887756348;2302464000;1648000279.5178366
4498;4.144856929779053;2302976000;1648000289.6880333
4499;4.075650215148926;2303488000;1648000298.8439004
4500;4.102257251739502;2304000000;1648000316.2386565
4501;4.095365524291992;2304512000;1648000326.164201
4502;4.134524822235107;2305024000;1648000334.8331213
4503;4.129669189453125;2305536000;1648000344.8282192
4504;4.125239372253418;2306048000;1648000354.8942177
4505;4.103364944458008;2306560000;1648000364.9504874
4506;4.08767032623291;2307072000;1648000375.0142663
4507;4.092665672302246;2307584000;1648000385.0788193
4508;4.08657693862915;2308096000;1648000395.1398017
4509;4.077340126037598;2308608000;1648000405.18446
4510;4.08348274230957;2309120000;1648000415.148432
4511;4.060780048370361;2309632000;1648000425.1640964
4512;4.085086822509766;2310144000;1648000435.188672
4513;4.07026481628418;2310656000;1648000445.2567232
4514;4.055444717407227;2311168000;1648000455.3178654
4515;4.098516464233398;2311680000;1648000465.3650858
4516;4.122798919677734;2312192000;1648000475.393825
4517;4.170477867126465;2312704000;1648000485.4195209
4518;4.153563499450684;2313216000;1648000495.4363253
4519;4.093762397766113;2313728000;1648000505.4580984
4520;4.132021903991699;2314240000;1648000515.6766646
4521;4.0989603996276855;2314752000;1648000525.733162
4522;4.0658464431762695;2315264000;1648000535.712149
4523;4.11544132232666;2315776000;1648000545.752468
4524;4.124953269958496;2316288000;1648000555.7956355
4525;4.111887454986572;2316800000;1648000565.8268087
4526;4.097829341888428;2317312000;1648000575.857652
4527;4.092057228088379;2317824000;1648000585.9134407
4528;4.182373046875;2318336000;1648000595.9817383
4529;4.135625839233398;2318848000;1648000606.0511992
4530;4.167641639709473;2319360000;1648000616.1182446
4531;4.170238494873047;2319872000;1648000626.151977
4532;4.154389381408691;2320384000;1648000636.1961393
4533;4.146742820739746;2320896000;1648000646.4117339
4534;4.1454548835754395;2321408000;1648000656.4325385
4535;4.134500503540039;2321920000;1648000666.4741054
4536;4.204154014587402;2322432000;1648000676.508953
4537;4.10397481918335;2322944000;1648000686.5030794
4538;4.125787734985352;2323456000;1648000696.4813375
4539;4.128025054931641;2323968000;1648000706.4869196
4540;4.129196643829346;2324480000;1648000715.1289735
4541;4.140153884887695;2324992000;1648000725.2828755
4542;4.138071060180664;2325504000;1648000735.321107
4543;4.120186805725098;2326016000;1648000745.3381588
4544;4.118980884552002;2326528000;1648000755.3579123
4545;4.143755912780762;2327040000;1648000765.4218714
4546;4.1541032791137695;2327552000;1648000773.8888617
4547;4.110367298126221;2328064000;1648000783.7994478
4548;4.108551979064941;2328576000;1648000793.7917554
4549;4.099826812744141;2329088000;1648000802.8530078
4550;4.074430465698242;2329600000;1648000820.4311237
4551;4.11893892288208;2330112000;1648000830.2144818
4552;4.088390827178955;2330624000;1648000838.7806804
4553;4.100040435791016;2331136000;1648000848.8592644
4554;4.163043022155762;2331648000;1648000858.9183934
4555;4.129324913024902;2332160000;1648000868.9834461
4556;4.169548988342285;2332672000;1648000879.0329716
4557;4.150888442993164;2333184000;1648000889.0400238
4558;4.0998125076293945;2333696000;1648000899.0718167
4559;4.109274387359619;2334208000;1648000909.1068432
4560;4.107518196105957;2334720000;1648000919.1746988
4561;4.088562965393066;2335232000;1648000929.220247
4562;4.1129350662231445;2335744000;1648000939.2925193
4563;4.143436908721924;2336256000;1648000949.3246956
4564;4.16608190536499;2336768000;1648000959.2956583
4565;4.140267372131348;2337280000;1648000969.3134146
4566;4.111162185668945;2337792000;1648000979.3550246
4567;4.104201316833496;2338304000;1648000989.4161248
4568;4.097280502319336;2338816000;1648000999.4593377
4569;4.123269557952881;2339328000;1648001009.5226583
4570;4.1200432777404785;2339840000;1648001019.59395
4571;4.135594367980957;2340352000;1648001029.663604
4572;4.115018844604492;2340864000;1648001039.7321484
4573;4.161518573760986;2341376000;1648001049.8041139
4574;4.126053333282471;2341888000;1648001059.8533845
4575;4.077971458435059;2342400000;1648001070.0616975
4576;4.1151580810546875;2342912000;1648001080.1286838
4577;4.130359649658203;2343424000;1648001090.1943722
4578;4.092677116394043;2343936000;1648001100.1689706
4579;4.098298072814941;2344448000;1648001110.2598746
4580;4.149140357971191;2344960000;1648001120.2279985
4581;4.061034202575684;2345472000;1648001130.280136
4582;4.098258018493652;2345984000;1648001140.309682
4583;4.063921928405762;2346496000;1648001150.2996805
4584;4.089931488037109;2347008000;1648001160.3509042
4585;4.116420745849609;2347520000;1648001170.3888717
4586;4.082581996917725;2348032000;1648001180.4405468
4587;4.0930914878845215;2348544000;1648001190.4479623
4588;4.092036247253418;2349056000;1648001200.4530022
4589;4.1250834465026855;2349568000;1648001210.4182389
4590;4.098904609680176;2350080000;1648001218.8484569
4591;4.079683303833008;2350592000;1648001228.5270736
4592;4.099205017089844;2351104000;1648001238.779143
4593;4.113450050354004;2351616000;1648001248.8300529
4594;4.064708709716797;2352128000;1648001258.8459883
4595;4.091484069824219;2352640000;1648001268.8920436
4596;4.114757537841797;2353152000;1648001277.306298
4597;4.111490249633789;2353664000;1648001287.1778867
4598;4.095181465148926;2354176000;1648001297.2171133
4599;4.081045150756836;2354688000;1648001306.6462705
4600;4.1184539794921875;2355200000;1648001323.910268
4601;4.140376567840576;2355712000;1648001333.7413223
4602;4.158631324768066;2356224000;1648001342.592895
4603;4.166676998138428;2356736000;1648001352.5984776
4604;4.16190767288208;2357248000;1648001362.5584939
4605;4.108054161071777;2357760000;1648001372.5672557
4606;4.103400230407715;2358272000;1648001382.578809
4607;4.100137710571289;2358784000;1648001392.61518
4608;4.091229438781738;2359296000;1648001402.7989051
4609;4.131534099578857;2359808000;1648001412.7917736
4610;4.084432125091553;2360320000;1648001422.799337
4611;4.133399963378906;2360832000;1648001432.7568927
4612;4.1352434158325195;2361344000;1648001442.809013
4613;4.113380432128906;2361856000;1648001452.854465
4614;4.1173553466796875;2362368000;1648001462.8990548
4615;4.110366344451904;2362880000;1648001472.948274
4616;4.130069732666016;2363392000;1648001482.9811974
4617;4.09257173538208;2363904000;1648001492.967835
4618;4.05893087387085;2364416000;1648001502.9503293
4619;4.085046291351318;2364928000;1648001512.9727826
4620;4.098278045654297;2365440000;1648001523.0007226
4621;4.078001022338867;2365952000;1648001533.0471172
4622;4.120835304260254;2366464000;1648001543.0707703
4623;4.079257965087891;2366976000;1648001553.0935888
4624;4.097322940826416;2367488000;1648001563.0965688
4625;4.1342453956604;2368000000;1648001573.1480057
4626;4.163886070251465;2368512000;1648001583.2199264
4627;4.138680458068848;2369024000;1648001593.2909787
4628;4.078643798828125;2369536000;1648001603.3574145
4629;4.076977729797363;2370048000;1648001613.4197695
4630;4.102445602416992;2370560000;1648001623.4658732
4631;4.130289077758789;2371072000;1648001633.500694
4632;4.139851093292236;2371584000;1648001643.554467
4633;4.157208442687988;2372096000;1648001653.625556
4634;4.133962631225586;2372608000;1648001663.661214
4635;4.114462852478027;2373120000;1648001673.6905625
4636;4.149245738983154;2373632000;1648001683.7013483
4637;4.114358901977539;2374144000;1648001693.720973
4638;4.142709255218506;2374656000;1648001703.7575178
4639;4.1128830909729;2375168000;1648001713.8134735
4640;4.082334995269775;2375680000;1648001722.725595
4641;4.093468189239502;2376192000;1648001732.2939906
4642;4.122735023498535;2376704000;1648001742.3698707
4643;4.100155353546143;2377216000;1648001752.3994048
4644;4.100514888763428;2377728000;1648001762.4181607
4645;4.057088851928711;2378240000;1648001772.3941228
4646;4.064022064208984;2378752000;1648001780.775957
4647;4.122875213623047;2379264000;1648001790.8751838
4648;4.104978084564209;2379776000;1648001800.9394448
4649;4.112422943115234;2380288000;1648001810.401692
4650;4.102483749389648;2380800000;1648001827.4945667
4651;4.152050018310547;2381312000;1648001837.297285
4652;4.175949573516846;2381824000;1648001845.9113507
4653;4.162693977355957;2382336000;1648001855.9817717
4654;4.160092353820801;2382848000;1648001866.0468357
4655;4.126757621765137;2383360000;1648001876.1095457
4656;4.126976013183594;2383872000;1648001886.1218402
4657;4.095477104187012;2384384000;1648001896.1487381
4658;4.119969367980957;2384896000;1648001906.1436281
4659;4.144290924072266;2385408000;1648001916.1408205
4660;4.150838375091553;2385920000;1648001926.0622463
4661;4.1195197105407715;2386432000;1648001935.9349809
4662;4.090623378753662;2386944000;1648001945.916095
4663;4.085565567016602;2387456000;1648001955.9101932
4664;4.126551628112793;2387968000;1648001965.899735
4665;4.122532367706299;2388480000;1648001975.9027936
4666;4.170514106750488;2388992000;1648001985.8893542
4667;4.1420793533325195;2389504000;1648001995.9333472
4668;4.179802417755127;2390016000;1648002005.9890447
4669;4.116156578063965;2390528000;1648002016.0433588
4670;4.144814968109131;2391040000;1648002026.0758622
4671;4.176283836364746;2391552000;1648002036.1170115
4672;4.215636253356934;2392064000;1648002046.1463096
4673;4.151128768920898;2392576000;1648002056.1882277
4674;4.151683807373047;2393088000;1648002066.228797
4675;4.161562919616699;2393600000;1648002076.276703
4676;4.130130767822266;2394112000;1648002086.3390472
4677;4.116560935974121;2394624000;1648002096.4011843
4678;4.095524311065674;2395136000;1648002106.4628398
4679;4.084978103637695;2395648000;1648002116.5104263
4680;4.088976860046387;2396160000;1648002126.539933
4681;4.100137233734131;2396672000;1648002136.5622842
4682;4.116652488708496;2397184000;1648002146.7281203
4683;4.111932277679443;2397696000;1648002156.7872884
4684;4.090383529663086;2398208000;1648002166.8364673
4685;4.093085289001465;2398720000;1648002176.8574893
4686;4.106753349304199;2399232000;1648002186.914927
4687;4.1108903884887695;2399744000;1648002196.9468584
4688;4.144702911376953;2400256000;1648002206.9796383
4689;4.157839775085449;2400768000;1648002216.9032826
4690;4.098545074462891;2401280000;1648002225.7810125
4691;4.11309814453125;2401792000;1648002235.3687196
4692;4.09124755859375;2402304000;1648002245.4082005
4693;4.151427745819092;2402816000;1648002255.481155
4694;4.094705581665039;2403328000;1648002265.5151315
4695;4.105869293212891;2403840000;1648002275.5429518
4696;4.137386798858643;2404352000;1648002283.9915457
4697;4.109911918640137;2404864000;1648002293.8707962
4698;4.100457191467285;2405376000;1648002303.8967187
4699;4.168340682983398;2405888000;1648002313.8131843
4700;4.117023468017578;2406400000;1648002330.280973
4701;4.086309432983398;2406912000;1648002340.2278957
4702;4.18515682220459;2407424000;1648002348.759381
4703;4.1609697341918945;2407936000;1648002358.8247614
4704;4.252697944641113;2408448000;1648002368.8924785
4705;4.301220893859863;2408960000;1648002378.9583654
4706;4.322834014892578;2409472000;1648002389.0085027
4707;4.327262878417969;2409984000;1648002399.0205286
4708;4.185492515563965;2410496000;1648002409.0456765
4709;4.239874839782715;2411008000;1648002419.0970507
4710;4.203113079071045;2411520000;1648002429.136405
4711;4.162314414978027;2412032000;1648002439.161787
4712;4.2156829833984375;2412544000;1648002449.169814
4713;4.23670768737793;2413056000;1648002459.191552
4714;4.166073322296143;2413568000;1648002469.165331
4715;4.115396022796631;2414080000;1648002479.133279
4716;4.148867607116699;2414592000;1648002489.1663284
4717;4.125826358795166;2415104000;1648002499.146664
4718;4.131251811981201;2415616000;1648002509.1321316
4719;4.110182285308838;2416128000;1648002519.1510735
4720;4.097400188446045;2416640000;1648002529.174602
4721;4.14799690246582;2417152000;1648002539.2119126
4722;4.1100029945373535;2417664000;1648002549.2462158
4723;4.148373126983643;2418176000;1648002559.266531
4724;4.164258003234863;2418688000;1648002569.24105
4725;4.107574939727783;2419200000;1648002579.4088676
4726;4.133155345916748;2419712000;1648002589.7383611
4727;4.093832969665527;2420224000;1648002599.723113
4728;4.074170112609863;2420736000;1648002609.7372937
4729;4.15763521194458;2421248000;1648002619.7464154
4730;4.120295524597168;2421760000;1648002629.9162886
4731;4.141053199768066;2422272000;1648002639.8801873
4732;4.0837507247924805;2422784000;1648002649.9323814
4733;4.123750686645508;2423296000;1648002659.9700184
4734;4.115045547485352;2423808000;1648002669.9277601
4735;4.089871406555176;2424320000;1648002679.9700208
4736;4.087430953979492;2424832000;1648002690.0252905
4737;4.085305213928223;2425344000;1648002700.0767276
4738;4.12562370300293;2425856000;1648002710.1021953
4739;4.145933628082275;2426368000;1648002720.1141105
4740;4.104816436767578;2426880000;1648002728.8999743
4741;4.116628646850586;2427392000;1648002738.4209678
4742;4.089080810546875;2427904000;1648002748.4313867
4743;4.0902605056762695;2428416000;1648002758.438649
4744;4.048548698425293;2428928000;1648002768.405809
4745;4.07186222076416;2429440000;1648002778.4261148
4746;4.08294677734375;2429952000;1648002786.9843645
4747;4.083388328552246;2430464000;1648002796.822467
4748;4.108283996582031;2430976000;1648002806.8323119
4749;4.142561912536621;2431488000;1648002816.8266912
4750;4.136003494262695;2432000000;1648002833.8782284
4751;4.116266250610352;2432512000;1648002843.9063702
4752;4.143296241760254;2433024000;1648002852.5779788
4753;4.101119518280029;2433536000;1648002862.6475978
4754;4.1809234619140625;2434048000;1648002872.712036
4755;4.175599098205566;2434560000;1648002882.752967
4756;4.129239559173584;2435072000;1648002892.7553763
4757;4.116539001464844;2435584000;1648002902.770853
4758;4.138310432434082;2436096000;1648002912.796422
4759;4.171311378479004;2436608000;1648002922.8097405
4760;4.226433753967285;2437120000;1648002932.817428
4761;4.213265419006348;2437632000;1648002942.8045185
4762;4.166201591491699;2438144000;1648002952.8523774
4763;4.129383087158203;2438656000;1648002962.9049566
4764;4.127431869506836;2439168000;1648002972.9521835
4765;4.129779815673828;2439680000;1648002982.9619327
4766;4.13575553894043;2440192000;1648002992.987305
4767;4.117937088012695;2440704000;1648003003.037929
4768;4.110299110412598;2441216000;1648003013.0807962
4769;4.132965564727783;2441728000;1648003023.1368723
4770;4.128631591796875;2442240000;1648003033.2033494
4771;4.152715682983398;2442752000;1648003043.2145734
4772;4.138970375061035;2443264000;1648003053.2293532
4773;4.098366737365723;2443776000;1648003063.2664046
4774;4.157933235168457;2444288000;1648003073.2858074
4775;4.131149768829346;2444800000;1648003083.5039885
4776;4.137148857116699;2445312000;1648003093.933363
4777;4.089488983154297;2445824000;1648003104.3238833
4778;4.1172637939453125;2446336000;1648003114.3113365
4779;4.119307994842529;2446848000;1648003124.3072236
4780;4.093018531799316;2447360000;1648003134.374179
4781;4.098761558532715;2447872000;1648003144.4301517
4782;4.077558517456055;2448384000;1648003154.486513
4783;4.13163423538208;2448896000;1648003164.553948
4784;4.09461784362793;2449408000;1648003174.6116965
4785;4.092972755432129;2449920000;1648003184.6480823
4786;4.085963726043701;2450432000;1648003194.6802022
4787;4.155910968780518;2450944000;1648003204.7174377
4788;4.104233741760254;2451456000;1648003214.7658606
4789;4.090165138244629;2451968000;1648003224.8311455
4790;4.067344665527344;2452480000;1648003233.5672762
4791;4.085155487060547;2452992000;1648003243.4224808
4792;4.047600269317627;2453504000;1648003253.5020602
4793;4.0459699630737305;2454016000;1648003263.5684667
4794;4.091915130615234;2454528000;1648003273.616638
4795;4.1103835105896;2455040000;1648003283.584095
4796;4.097135543823242;2455552000;1648003291.9884372
4797;4.117369651794434;2456064000;1648003302.0534248
4798;4.155007839202881;2456576000;1648003312.1099453
4799;4.128146171569824;2457088000;1648003322.1634061
4800;4.172270774841309;2457600000;1648003338.9399416
4801;4.17237663269043;2458112000;1648003348.490603
4802;4.111019611358643;2458624000;1648003357.4721193
4803;4.140711784362793;2459136000;1648003367.6260636
4804;4.1603569984436035;2459648000;1648003377.9935036
4805;4.171204566955566;2460160000;1648003388.664241
4806;4.136725902557373;2460672000;1648003398.648807
4807;4.140391826629639;2461184000;1648003408.59432
4808;4.1227803230285645;2461696000;1648003418.600702
4809;4.095551490783691;2462208000;1648003428.6410167
4810;4.09661340713501;2462720000;1648003438.6675484
4811;4.105284690856934;2463232000;1648003448.6353366
4812;4.109418869018555;2463744000;1648003458.8217309
4813;4.124631404876709;2464256000;1648003468.8500805
4814;4.106007099151611;2464768000;1648003478.8695579
4815;4.122287273406982;2465280000;1648003488.847563
4816;4.143731117248535;2465792000;1648003498.8885715
4817;4.111143112182617;2466304000;1648003508.9053383
4818;4.064817428588867;2466816000;1648003518.9299612
4819;4.06690788269043;2467328000;1648003528.9417763
4820;4.107366561889648;2467840000;1648003538.9681864
4821;4.1254472732543945;2468352000;1648003548.9875786
4822;4.0962419509887695;2468864000;1648003559.020873
4823;4.10866641998291;2469376000;1648003569.0529191
4824;4.107429027557373;2469888000;1648003579.07716
4825;4.109783172607422;2470400000;1648003589.0919518
4826;4.115145683288574;2470912000;1648003599.1179903
4827;4.105204105377197;2471424000;1648003609.1718123
4828;4.113645076751709;2471936000;1648003619.2316072
4829;4.1554670333862305;2472448000;1648003629.2831676
4830;4.103541374206543;2472960000;1648003639.299388
4831;4.129866600036621;2473472000;1648003649.3303478
4832;4.1324849128723145;2473984000;1648003659.37191
4833;4.124201774597168;2474496000;1648003669.4404514
4834;4.158416748046875;2475008000;1648003679.4870799
4835;4.107342720031738;2475520000;1648003689.5200815
4836;4.072663307189941;2476032000;1648003699.530265
4837;4.091541290283203;2476544000;1648003709.5938172
4838;4.050906658172607;2477056000;1648003719.652902
4839;4.077744007110596;2477568000;1648003729.7173839
4840;4.111004829406738;2478080000;1648003738.1478157
4841;4.122379779815674;2478592000;1648003748.1739728
4842;4.090029716491699;2479104000;1648003758.1427813
4843;4.117635250091553;2479616000;1648003768.0223722
4844;4.120822906494141;2480128000;1648003778.0095532
4845;4.113880157470703;2480640000;1648003787.7624369
4846;4.154009819030762;2481152000;1648003796.3671792
4847;4.162776470184326;2481664000;1648003806.4278233
4848;4.1373090744018555;2482176000;1648003816.4962318
4849;4.1594133377075195;2482688000;1648003826.564485
4850;4.139369964599609;2483200000;1648003842.8081539
4851;4.117264747619629;2483712000;1648003852.5576885
4852;4.114938735961914;2484224000;1648003861.5246375
4853;4.146946907043457;2484736000;1648003871.5626874
4854;4.089540481567383;2485248000;1648003881.6260462
4855;4.100495338439941;2485760000;1648003892.017774
4856;4.14511251449585;2486272000;1648003902.3701663
4857;4.148371696472168;2486784000;1648003912.3976398
4858;4.13822078704834;2487296000;1648003922.4540367
4859;4.196396827697754;2487808000;1648003932.497894
4860;4.184653282165527;2488320000;1648003942.5435987
4861;4.165081024169922;2488832000;1648003952.595277
4862;4.154077529907227;2489344000;1648003962.639079
4863;4.10191535949707;2489856000;1648003972.6670392
4864;4.071229934692383;2490368000;1648003982.7307875
4865;4.084746360778809;2490880000;1648003992.7802067
4866;4.078705787658691;2491392000;1648004002.8009467
4867;4.114849090576172;2491904000;1648004012.829892
4868;4.1063337326049805;2492416000;1648004022.8576486
4869;4.088698863983154;2492928000;1648004033.0480645
4870;4.124025821685791;2493440000;1648004043.0724323
4871;4.085875511169434;2493952000;1648004053.0939364
4872;4.118553638458252;2494464000;1648004063.1045156
4873;4.084753036499023;2494976000;1648004073.1228163
4874;4.110356330871582;2495488000;1648004083.1095636
4875;4.096914768218994;2496000000;1648004093.2773793
4876;4.088401794433594;2496512000;1648004103.3475204
4877;4.0754499435424805;2497024000;1648004113.328254
4878;4.087451457977295;2497536000;1648004123.3487706
4879;4.11391544342041;2498048000;1648004133.3381066
4880;4.127569198608398;2498560000;1648004143.3426363
4881;4.116813659667969;2499072000;1648004153.356208
4882;4.1597771644592285;2499584000;1648004163.3700812
4883;4.1424713134765625;2500096000;1648004173.3666434
4884;4.204173564910889;2500608000;1648004183.3978777
4885;4.172959804534912;2501120000;1648004193.4232376
4886;4.135321617126465;2501632000;1648004203.417758
4887;4.195957183837891;2502144000;1648004213.3810263
4888;4.15254020690918;2502656000;1648004223.4306324
4889;4.104543685913086;2503168000;1648004233.4522223
4890;4.114638328552246;2503680000;1648004241.851183
4891;4.116184234619141;2504192000;1648004251.8628004
4892;4.082962989807129;2504704000;1648004261.9095006
4893;4.104681015014648;2505216000;1648004271.9511487
4894;4.187480449676514;2505728000;1648004281.9698558
4895;4.142280578613281;2506240000;1648004291.6352427
4896;4.152872085571289;2506752000;1648004300.4334877
4897;4.120776653289795;2507264000;1648004310.481036
4898;4.092970848083496;2507776000;1648004320.5296507
4899;4.082744121551514;2508288000;1648004330.5728757
4900;4.141824722290039;2508800000;1648004347.0736206
4901;4.105945587158203;2509312000;1648004356.4902732
4902;4.081638336181641;2509824000;1648004365.7157292
4903;4.137026786804199;2510336000;1648004375.7709684
4904;4.173907279968262;2510848000;1648004385.8112056
4905;4.113884925842285;2511360000;1648004395.842282
4906;4.123821258544922;2511872000;1648004405.8742518
4907;4.130913734436035;2512384000;1648004415.9096122
4908;4.071913719177246;2512896000;1648004426.1147463
4909;4.180515289306641;2513408000;1648004436.142853
4910;4.1959710121154785;2513920000;1648004446.1577435
4911;4.218328475952148;2514432000;1648004456.1995058
4912;4.205129146575928;2514944000;1648004466.2342548
4913;4.1821441650390625;2515456000;1648004476.2838342
4914;4.117312431335449;2515968000;1648004486.3078046
4915;4.202016830444336;2516480000;1648004496.334749
4916;4.147669792175293;2516992000;1648004506.389683
4917;4.140109539031982;2517504000;1648004516.4407346
4918;4.100505828857422;2518016000;1648004526.5037515
4919;4.11801815032959;2518528000;1648004536.5623877
4920;4.110196590423584;2519040000;1648004546.6313996
4921;4.22865104675293;2519552000;1648004556.691621
4922;4.252669334411621;2520064000;1648004566.7494984
4923;4.147594928741455;2520576000;1648004576.7130215
4924;4.110623359680176;2521088000;1648004586.935983
4925;4.161391735076904;2521600000;1648004596.739225
4926;4.124802589416504;2522112000;1648004606.7984192
4927;4.107972145080566;2522624000;1648004616.806542
4928;4.125865936279297;2523136000;1648004626.83884
4929;4.086607933044434;2523648000;1648004636.871242
4930;4.1090617179870605;2524160000;1648004646.874821
4931;4.136414527893066;2524672000;1648004656.8894646
4932;4.104743003845215;2525184000;1648004666.8579268
4933;4.0957441329956055;2525696000;1648004676.8608003
4934;4.1229400634765625;2526208000;1648004686.8766224
4935;4.111127853393555;2526720000;1648004696.8852034
4936;4.140091896057129;2527232000;1648004706.9076111
4937;4.118107795715332;2527744000;1648004716.947266
4938;4.101587772369385;2528256000;1648004726.9720037
4939;4.08433723449707;2528768000;1648004737.022078
4940;4.126562118530273;2529280000;1648004745.5433
4941;4.121702671051025;2529792000;1648004755.4181755
4942;4.120657444000244;2530304000;1648004765.4489608
4943;4.153555393218994;2530816000;1648004775.4691145
4944;4.15819787979126;2531328000;1648004785.4877172
4945;4.13283634185791;2531840000;1648004795.2292066
4946;4.138498783111572;2532352000;1648004804.061528
4947;4.092380523681641;2532864000;1648004814.127731
4948;4.136604309082031;2533376000;1648004824.1753664
4949;4.098432540893555;2533888000;1648004834.1705341
4950;4.145414352416992;2534400000;1648004850.8458211
4951;4.116899013519287;2534912000;1648004860.362559
4952;4.172236442565918;2535424000;1648004869.4247723
4953;4.107073783874512;2535936000;1648004879.4789062
4954;4.124666213989258;2536448000;1648004889.5035312
4955;4.135369300842285;2536960000;1648004899.46837
4956;4.179841995239258;2537472000;1648004909.3738766
4957;4.143332481384277;2537984000;1648004919.311741
4958;4.155633926391602;2538496000;1648004929.3014953
4959;4.188385009765625;2539008000;1648004939.3385608
4960;4.221381664276123;2539520000;1648004949.3593123
4961;4.160007476806641;2540032000;1648004959.377878
4962;4.216583251953125;2540544000;1648004969.4106848
4963;4.201026916503906;2541056000;1648004979.441582
4964;4.10418701171875;2541568000;1648004989.4798856
4965;4.1116743087768555;2542080000;1648004999.4778783
4966;4.10860538482666;2542592000;1648005009.4752855
4967;4.142200469970703;2543104000;1648005019.4363673
4968;4.171341896057129;2543616000;1648005029.4539285
4969;4.172438144683838;2544128000;1648005039.4866447
4970;4.213597297668457;2544640000;1648005049.5108786
4971;4.109646797180176;2545152000;1648005059.547099
4972;4.2061076164245605;2545664000;1648005069.488291
4973;4.088953971862793;2546176000;1648005079.4460645
4974;4.129915714263916;2546688000;1648005089.36202
4975;4.106937408447266;2547200000;1648005099.2346632
4976;4.150716781616211;2547712000;1648005109.2385545
4977;4.153801441192627;2548224000;1648005119.2832794
4978;4.215092658996582;2548736000;1648005129.3569298
4979;4.208932876586914;2549248000;1648005139.3901918
4980;4.15549373626709;2549760000;1648005149.4341788
4981;4.184013366699219;2550272000;1648005159.6126041
4982;4.216386795043945;2550784000;1648005169.6642046
4983;4.230215072631836;2551296000;1648005179.716803
4984;4.08723258972168;2551808000;1648005189.816376
4985;4.115118026733398;2552320000;1648005200.3514884
4986;4.119502067565918;2552832000;1648005211.2430787
4987;4.199965000152588;2553344000;1648005221.7727647
4988;4.124105453491211;2553856000;1648005232.2948227
4989;4.1216630935668945;2554368000;1648005242.1451163
4990;4.1123247146606445;2554880000;1648005250.2550392
4991;4.117002487182617;2555392000;1648005258.3931215
4992;4.106387138366699;2555904000;1648005266.5452828
4993;4.1496901512146;2556416000;1648005274.6670713
4994;4.086809158325195;2556928000;1648005282.807566
4995;4.102892875671387;2557440000;1648005290.29362
4996;4.105412006378174;2557952000;1648005296.5738375
4997;4.097677707672119;2558464000;1648005302.7927098
4998;4.123073101043701;2558976000;1648005309.046916
4999;4.1202192306518555;2559488000;1648005315.2312016
